       4    0.000 
       8    0.000 
       9    0.137 
      10    0.453 
      11    0.127 
      12    0.063 
      13    0.034 
      14    0.025 
      15    0.018 
      16    0.015 
      17    0.013 
      18    0.011 
      19    0.010 
      20    0.012 
      21    0.008 
      22    0.007 
      23    0.005 
      24    0.004 
      25    0.003 
      26    0.003 
      27    0.003 
      28    0.002 
      29    0.002 
      30    0.002 
      31    0.002 
      32    0.002 
      33    0.001 
      34    0.001 
      35    0.001 
      36    0.001 
      37    0.001 
      38    0.001 
      39    0.001 
      40    0.001 
      41    0.001 
      42    0.001 
      43    0.001 
      44    0.001 
      45    0.001 
      46    0.000 
      47    0.001 
      48    0.000 
      49    0.000 
      50    0.000 
      51    0.001 
      52    0.001 
      53    0.000 
      54    0.000 
      55    0.000 
      56    0.000 
      57    0.000 
      58    0.000 
      59    0.000 
      60    0.000 
      61    0.000 
      62    0.000 
      63    0.000 
      64    0.000 
      65    0.000 
      66    0.001 
      67    0.001 
      68    0.001 
      69    0.001 
      70    0.001 
      71    0.001 
      72    0.000 
      73    0.000 
      74    0.001 
      75    0.001 
      76    0.001 
      77    0.000 
      78    0.000 
      79    0.000 
      80    0.000 
      81    0.001 
      82    0.001 
      83    0.000 
      84    0.000 
      85    0.000 
      86    0.000 
      87    0.000 
      88    0.000 
      89    0.000 
      90    0.000 
      91    0.000 
      92    0.000 
      93    0.000 
      94    0.000 
      95    0.000 
      96    0.000 
      97    0.000 
      98    0.000 
      99    0.000 
     100    0.000 
     101    0.000 
     102    0.000 
     103    0.000 
     104    0.000 
     105    0.000 
     106    0.000 
     107    0.000 
     108    0.000 
     109    0.000 
     110    0.000 
     111    0.000 
     112    0.000 
     113    0.000 
     114    0.000 
     115    0.000 
     116    0.000 
     117    0.000 
     119    0.000 
     120    0.000 
     121    0.000 
     122    0.000 
     123    0.000 
     124    0.000 
     125    0.000 
     126    0.000 
     127    0.000 
     128    0.000 
     129    0.000 
     131    0.000 
     132    0.000 
     133    0.000 
     134    0.000 
     135    0.000 
     137    0.000 
     138    0.000 
     139    0.000 
     140    0.000 
     141    0.000 
     143    0.000 
     144    0.000 
     145    0.000 
     146    0.000 
     149    0.000 
     150    0.000 
     154    0.000 
     155    0.000 
     156    0.000 
     157    0.000 
     158    0.000 
     159    0.000 
     160    0.000 
     161    0.000 
     163    0.000 
     164    0.000 
     166    0.000 
     167    0.000 
     168    0.000 
     169    0.000 
     170    0.000 
     172    0.000 
     173    0.000 
     174    0.000 
     175    0.000 
     176    0.000 
     177    0.000 
     179    0.000 
     180    0.000 
     186    0.000 
     194    0.000 
     196    0.000 
     198    0.000 
     199    0.000 
     201    0.000 
     205    0.000 
     206    0.000 
     207    0.000 
     208    0.000 
     209    0.000 
     210    0.000 
     214    0.000 
     218    0.000 
     222    0.000 
     228    0.000 
     232    0.000 
     236    0.000 
     240    0.000 
     247    0.000 
     248    0.000 
     249    0.000 
     250    0.000 
     251    0.000 
     252    0.000 
     257    0.000 
     259    0.000 
     260    0.000 
     261    0.000 
     264    0.000 
     268    0.000 
     269    0.000 
     270    0.000 
     274    0.000 
     275    0.000 
     276    0.000 
     279    0.000 
     281    0.000 
     290    0.000 
     293    0.000 
     296    0.000 
     297    0.000 
     299    0.000 
     300    0.000 
     302    0.000 
     304    0.000 
     305    0.000 
     306    0.000 
     310    0.000 
     435    0.000 
     450    0.000 
     460    0.000 
     463    0.000 
     464    0.000 
     467    0.000 
     472    0.000 
     480    0.000 
     482    0.000 
     486    0.000 
     495    0.000 
     497    0.000 
     502    0.000 
     503    0.000 
     520    0.000 

