 1086.50, 0.00
 1196.50, 0.00
 1226.50, 0.00
 1346.50, 0.00
 3246.50, 0.00
 8472.20, 0.00
10739.00, 0.00
10757.80, 0.00
10813.00, 0.00
10819.50, 0.00
10826.00, 0.00
10839.00, 0.00
10852.00, 0.00
10857.80, 0.00
10858.50, 0.00
10865.00, 0.00
10878.00, 0.00
10886.70, 0.00
11458.50, 0.00
11557.80, 0.00
11619.50, 0.00
11639.00, 0.00
11652.00, 0.00
11657.80, 0.00
11658.50, 0.00
11665.00, 0.00
11678.00, 0.00
11919.50, 0.00
11939.00, 0.00
11952.00, 0.00
11957.80, 0.00
11986.70, 0.00
12019.50, 0.00
12026.00, 0.00
12052.00, 0.00
12065.00, 0.00
12078.00, 0.00
12086.70, 0.00
12219.50, 0.00
12226.00, 0.00
12239.00, 0.00
12252.00, 0.00
12257.80, 0.00
12258.50, 0.00
12265.00, 0.00
12278.00, 0.00
12286.70, 0.00
12313.00, 0.00
12319.50, 0.00
12326.00, 0.00
12339.00, 0.00
12352.00, 0.00
12357.80, 0.00
12358.50, 0.00
12365.00, 0.00
12372.20, 0.00
12378.00, 0.00
12386.70, 0.00
12513.00, 0.00
12519.50, 0.00
12526.00, 0.00
12539.00, 0.00
12552.00, 0.00
12557.80, 0.00
12558.50, 0.00
12565.00, 0.00
12578.00, 0.00
12619.50, 0.00
12626.00, 0.00
12639.00, 0.00
12652.00, 0.00
12657.80, 0.00
12658.50, 0.00
12665.00, 0.00
12672.20, 0.00
12678.00, 0.00
12686.70, 0.00
12758.50, 0.00
12819.50, 0.00
12826.00, 0.00
12839.00, 0.00
12852.00, 0.00
12858.50, 0.00
12865.00, 0.00
12878.00, 0.00
12952.00, 0.00
12957.80, 0.00
13058.50, 0.00
13119.50, 0.00
13239.00, 0.00
13439.00, 0.00
13457.80, 0.00
13465.00, 0.00
13657.80, 0.00
14257.80, 0.00
14613.00, 0.00
14619.50, 0.00
14639.00, 0.00
14652.00, 0.00
14657.80, 0.00
14678.00, 0.00
15026.00, 0.00
15278.00, 0.00
15352.00, 0.00
15426.00, 0.00
15439.00, 0.00
15452.00, 0.00
15458.50, 0.00
15478.00, 0.00
15486.70, 0.00
15752.00, 0.00
16119.50, 0.00
16165.00, 0.00
16557.80, 0.00
18786.70, 0.00
18852.00, 0.00
19239.00, 0.00
19278.00, 0.00
19639.00, 0.00
20157.80, 0.00
20165.00, 0.00
20619.50, 0.00
20678.00, 0.00
21978.00, 0.00
22778.00, 0.00
23039.00, 0.00
25913.00, 0.00
25939.00, 0.00
25957.80, 0.00
27139.00, 0.00
27152.00, 0.00
27278.00, 0.00
27358.50, 0.00
27458.50, 0.00
27465.00, 0.00
29026.00, 0.00
30357.80, 0.00
31265.00, 0.00
32419.50, 0.00
32452.00, 0.00
32457.80, 0.00
32486.70, 0.00
33057.80, 0.00
33186.70, 0.00
33458.50, 0.00
33465.00, 0.00
33639.00, 0.00
35226.00, 0.00
35239.00, 0.00
36626.00, 0.00
36639.00, 0.00
36686.70, 0.00
40352.00, 0.00
40365.00, 0.00
40752.00, 0.00
40765.00, 0.00
41457.80, 0.00
41739.00, 0.00
42739.00, 0.00
43539.00, 0.00
43852.00, 0.00
43878.00, 0.00
44878.00, 0.00
45039.00, 0.00
45058.50, 0.00
46326.00, 0.00
46339.00, 0.00
47752.00, 0.00
49978.00, 0.00
51578.00, 0.00
53857.80, 0.00
53858.50, 0.00
55478.00, 0.00
58057.80, 0.00
59939.00, 0.00
59978.00, 0.00
62513.00, 0.00
62557.80, 0.00
62558.50, 0.00
62586.70, 0.00
63865.00, 0.00
64778.00, 0.00
65378.00, 0.00
66578.00, 0.00
66878.00, 0.00
67565.00, 0.00
67965.00, 0.00
68357.80, 0.00
68757.80, 0.00
68778.00, 0.00
68972.20, 0.00
69119.50, 0.00
69178.00, 0.00
69252.00, 0.00
69258.50, 0.00
69339.00, 0.00
70057.80, 0.00
70157.80, 0.00
70339.00, 0.00
70778.00, 0.00
71065.00, 0.00
71386.70, 0.00
72578.00, 0.00
73178.00, 0.00
75219.50, 0.00
76478.00, 0.00
79158.50, 0.00
80057.80, 0.00
82265.00, 0.00
83486.70, 0.00
84130.00, 0.00
84144.40, 0.00
86378.00, 0.00
90139.00, 0.00
90457.80, 0.00
90957.80, 0.00
91357.80, 0.00
98978.00, 0.00
99039.00, 0.00
99078.00, 0.00
100839.00, 0.00
100878.00, 0.00
101478.00, 0.00
101752.00, 0.00
101778.00, 0.00
102378.00, 0.00
102678.00, 0.00
102952.00, 0.00
103265.00, 0.00
103278.00, 0.00
103565.00, 0.00
103578.00, 0.00
103878.00, 0.00
104178.00, 0.00
104452.00, 0.00
104478.00, 0.00
104778.00, 0.00
105078.00, 0.00
105378.00, 0.00
106878.00, 0.00
107104.00, 0.00
107115.60, 0.00
107117.00, 0.00
107130.00, 0.00
107144.40, 0.00
107178.00, 0.00
107739.00, 0.00
107778.00, 0.00
108104.00, 0.00
108115.60, 0.00
108117.00, 0.00
108130.00, 0.00
108144.40, 0.00
110778.00, 0.00
110878.00, 0.00
112130.00, 0.00
112144.40, 0.00
113144.40, 0.00
114144.40, 0.00
115115.60, 0.00
115130.00, 0.00
115144.40, 0.00
116115.60, 0.00
116130.00, 0.00
116144.40, 0.00
117130.00, 0.00
117144.40, 0.00
117178.00, 0.00
118144.40, 0.00
119104.00, 0.00
119115.60, 0.00
119117.00, 0.00
119130.00, 0.00
119144.40, 0.00
120104.00, 0.00
120115.60, 0.00
120117.00, 0.00
120130.00, 0.00
120144.40, 0.00
121144.40, 0.00
122104.00, 0.00
122115.60, 0.00
122117.00, 0.00
122130.00, 0.00
122144.40, 0.00
123104.00, 0.00
123115.60, 0.00
123117.00, 0.00
123130.00, 0.04
123144.40, 0.11
124104.00, 0.00
124117.00, 0.00
124130.00, 0.00
124144.40, 0.00
125104.00, 0.00
125115.60, 0.00
125117.00, 0.00
125130.00, 0.00
125144.40, 0.01
125257.80, 0.00
126104.00, 0.00
126115.60, 0.00
126117.00, 0.00
126130.00, 0.00
126144.40, 0.02
127115.60, 0.00
127130.00, 0.00
127144.40, 0.00
128104.00, 0.00
128115.60, 0.00
128117.00, 0.00
128130.00, 0.00
128144.40, 0.01
129115.60, 0.00
129117.00, 0.00
129130.00, 0.00
129144.40, 0.00
130115.60, 0.00
130130.00, 0.00
130144.40, 0.00
131115.60, 0.00
131130.00, 0.00
131144.40, 0.00
132115.60, 0.00
132130.00, 0.00
132144.40, 0.00
132878.00, 0.00
133104.00, 0.00
133115.60, 0.00
133130.00, 0.00
133144.40, 0.00
134115.60, 0.00
134130.00, 0.00
134144.40, 0.00
135065.00, 0.00
135130.00, 0.00
135144.40, 0.00
136130.00, 0.00
136144.40, 0.00
137130.00, 0.00
137144.40, 0.00
138130.00, 0.00
138144.40, 0.00
139130.00, 0.00
139144.40, 0.00
140117.00, 0.00
140130.00, 0.00
140144.40, 0.00
140165.00, 0.00
141130.00, 0.00
141144.40, 0.00
142130.00, 0.00
142144.40, 0.00
142878.00, 0.00
143019.50, 0.00
143104.00, 0.00
143130.00, 0.00
143144.40, 0.00
143419.50, 0.00
143426.00, 0.00
143439.00, 0.00
143452.00, 0.00
143457.80, 0.00
143465.00, 0.00
144117.00, 0.00
144130.00, 0.00
144144.40, 0.00
144639.00, 0.00
145104.00, 0.00
145130.00, 0.00
145144.40, 0.00
146104.00, 0.00
146117.00, 0.00
146130.00, 0.00
146144.40, 0.00
147130.00, 0.00
147144.40, 0.00
147219.50, 0.00
147239.00, 0.00
147252.00, 0.00
147265.00, 0.00
147278.00, 0.01
148130.00, 0.00
148144.40, 0.00
149117.00, 0.00
149130.00, 0.00
149144.40, 0.00
150104.00, 0.00
150117.00, 0.00
150130.00, 0.00
150144.40, 0.00
151117.00, 0.00
151130.00, 0.00
151144.40, 0.00
152104.00, 0.00
152117.00, 0.00
152130.00, 0.00
152144.40, 0.00
153130.00, 0.00
154104.00, 0.00
154115.60, 0.00
154117.00, 0.00
154130.00, 0.00
154144.40, 0.00
155104.00, 0.00
155130.00, 0.00
156130.00, 0.00
157117.00, 0.00
157130.00, 0.00
158104.00, 0.00
158117.00, 0.00
158130.00, 0.00
159117.00, 0.00
159130.00, 0.00
159144.40, 0.00
160117.00, 0.00
160130.00, 0.00
161104.00, 0.00
161117.00, 0.00
161130.00, 0.00
161144.40, 0.00
162130.00, 0.00
163117.00, 0.00
163130.00, 0.00
164130.00, 0.00
164144.40, 0.00
165130.00, 0.00
166104.00, 0.00
166130.00, 0.00
167130.00, 0.00
169130.00, 0.00
170144.40, 0.00
171144.40, 0.00
172130.00, 0.00
173130.00, 0.00
174130.00, 0.00
175117.00, 0.00
175130.00, 0.00
176117.00, 0.00
176130.00, 0.00
177130.00, 0.00
178130.00, 0.00
179130.00, 0.00
181104.00, 0.00
181130.00, 0.00
181144.40, 0.00
182130.00, 0.00
182144.40, 0.00
183104.00, 0.00
184104.00, 0.00
184117.00, 0.00
184130.00, 0.00
184144.40, 0.00
185130.00, 0.00
186130.00, 0.00
186144.40, 0.00
187130.00, 0.00
187144.40, 0.00
188104.00, 0.00
188117.00, 0.00
188130.00, 0.00
188144.40, 0.00
189117.00, 0.00
189130.00, 0.00
190130.00, 0.00
191130.00, 0.00
192104.00, 0.00
192117.00, 0.00
192130.00, 0.00
193130.00, 0.00
194130.00, 0.00
196117.00, 0.00
196130.00, 0.00
197130.00, 0.00
198117.00, 0.00
198130.00, 0.00
199130.00, 0.00
200130.00, 0.00
201130.00, 0.00
201144.40, 0.00
202104.00, 0.00
202117.00, 0.00
202130.00, 0.00
204104.00, 0.00
204130.00, 0.00
205130.00, 0.00
206130.00, 0.00
206144.40, 0.00
207104.00, 0.00
207117.00, 0.00
207130.00, 0.00
207144.40, 0.00
208130.00, 0.00
209104.00, 0.00
209117.00, 0.00
209130.00, 0.00
210117.00, 0.00
210130.00, 0.00
211130.00, 0.00
211144.40, 0.00
212117.00, 0.00
212130.00, 0.00
213130.00, 0.00
214117.00, 0.00
214130.00, 0.00
215104.00, 0.00
215117.00, 0.00
215130.00, 0.00
216130.00, 0.00
217104.00, 0.00
217117.00, 0.00
217130.00, 0.00
218104.00, 0.00
218130.00, 0.00
218144.40, 0.00
219104.00, 0.00
219117.00, 0.00
219130.00, 0.00
219144.40, 0.00
220104.00, 0.00
220117.00, 0.00
220130.00, 0.00
221104.00, 0.00
221117.00, 0.00
221130.00, 0.00
221144.40, 0.00
222130.00, 0.00
223104.00, 0.00
223117.00, 0.00
223130.00, 0.00
224117.00, 0.00
224130.00, 0.00
225104.00, 0.00
225130.00, 0.00
225144.40, 0.00
226130.00, 0.00
227117.00, 0.00
227130.00, 0.00
228130.00, 0.00
229130.00, 0.00
229144.40, 0.00
230130.00, 0.00
230144.40, 0.00
231130.00, 0.00
232117.00, 0.00
232130.00, 0.00
233117.00, 0.00
233130.00, 0.00
233144.40, 0.00
234130.00, 0.00
234144.40, 0.00
235130.00, 0.00
236130.00, 0.00
237130.00, 0.00
238117.00, 0.00
238130.00, 0.00
239117.00, 0.00
239130.00, 0.00
240104.00, 0.00
240117.00, 0.00
240130.00, 0.00
241117.00, 0.00
241130.00, 0.00
241144.40, 0.00
242130.00, 0.00
243130.00, 0.00
244130.00, 0.00
245130.00, 0.00
245144.40, 0.00
246104.00, 0.00
246130.00, 0.00
247130.00, 0.00
248130.00, 0.00
248144.40, 0.00
249130.00, 0.00
250104.00, 0.00
250117.00, 0.00
250130.00, 0.00
250144.40, 0.00
252130.00, 0.00
253117.00, 0.00
253130.00, 0.00
254130.00, 0.00
255104.00, 0.00
255115.60, 0.00
255117.00, 0.00
255130.00, 0.00
255144.40, 0.00
256104.00, 0.00
256130.00, 0.00
257130.00, 0.00
258130.00, 0.00
259117.00, 0.00
259130.00, 0.00
259144.40, 0.00
260130.00, 0.00
261130.00, 0.00
261144.40, 0.00
262104.00, 0.00
262130.00, 0.00
263130.00, 0.00
264130.00, 0.00
265130.00, 0.00
266130.00, 0.00
266144.40, 0.00
267130.00, 0.00
268130.00, 0.00
268144.40, 0.00
269130.00, 0.00
270130.00, 0.00
271117.00, 0.00
271130.00, 0.00
272130.00, 0.00
273130.00, 0.00
274117.00, 0.00
274130.00, 0.00
276130.00, 0.00
276144.40, 0.00
277104.00, 0.00
277130.00, 0.00
278130.00, 0.00
278144.40, 0.00
279130.00, 0.00
280117.00, 0.00
281130.00, 0.00
281144.40, 0.00
282130.00, 0.00
283130.00, 0.00
283144.40, 0.00
284130.00, 0.00
285130.00, 0.00
286130.00, 0.00
287144.40, 0.00
288130.00, 0.00
289130.00, 0.00
290130.00, 0.00
292130.00, 0.00
294130.00, 0.00
295130.00, 0.00
296130.00, 0.00
296144.40, 0.00
297130.00, 0.00
297144.40, 0.00
298115.60, 0.00
298130.00, 0.00
298144.40, 0.00
300130.00, 0.00
301144.40, 0.00
302104.00, 0.00
302130.00, 0.00
304130.00, 0.00
305130.00, 0.00
306117.00, 0.00
306130.00, 0.00
308130.00, 0.00
309130.00, 0.00
310130.00, 0.00
311130.00, 0.00
311144.40, 0.00
312130.00, 0.00
313144.40, 0.00
314130.00, 0.00
315144.40, 0.00
316104.00, 0.00
316130.00, 0.00
316144.40, 0.00
318130.00, 0.00
319130.00, 0.00
321144.40, 0.00
322130.00, 0.00
322144.40, 0.00
323130.00, 0.00
324130.00, 0.00
324144.40, 0.00
325130.00, 0.00
325144.40, 0.00
327117.00, 0.00
328130.00, 0.00
330144.40, 0.00
331130.00, 0.00
332130.00, 0.00
334130.00, 0.00
334144.40, 0.00
335130.00, 0.00
335144.40, 0.00
336130.00, 0.00
337104.00, 0.00
337117.00, 0.00
337130.00, 0.00
337144.40, 0.00
338130.00, 0.00
338144.40, 0.00
340130.00, 0.00
341130.00, 0.00
342144.40, 0.00
343130.00, 0.00
344130.00, 0.00
347130.00, 0.00
348117.00, 0.00
348130.00, 0.00
350130.00, 0.00
351144.40, 0.00
353104.00, 0.00
354130.00, 0.00
354144.40, 0.00
355130.00, 0.00
356117.00, 0.00
356130.00, 0.00
357104.00, 0.00
357130.00, 0.00
358130.00, 0.00
359130.00, 0.00
360130.00, 0.00
361104.00, 0.00
361130.00, 0.00
363130.00, 0.00
364130.00, 0.00
365144.40, 0.00
366144.40, 0.00
367104.00, 0.00
367117.00, 0.00
367130.00, 0.00
369130.00, 0.00
371130.00, 0.00
372144.40, 0.00
373130.00, 0.00
374130.00, 0.00
374144.40, 0.00
376130.00, 0.00
378130.00, 0.00
379130.00, 0.00
380130.00, 0.00
383130.00, 0.00
384144.40, 0.00
385144.40, 0.00
386130.00, 0.00
388130.00, 0.00
391144.40, 0.00
393130.00, 0.00
394130.00, 0.00
395130.00, 0.00
396130.00, 0.00
397130.00, 0.00
399130.00, 0.00
402130.00, 0.00
404130.00, 0.00
405130.00, 0.00
407144.40, 0.00
408130.00, 0.00
408144.40, 0.00
410144.40, 0.00
411130.00, 0.00
412144.40, 0.00
413130.00, 0.00
414130.00, 0.00
415130.00, 0.00
417117.00, 0.00
417130.00, 0.00
418104.00, 0.00
418130.00, 0.00
419117.00, 0.00
419130.00, 0.00
421130.00, 0.00
423130.00, 0.00
424104.00, 0.00
424130.00, 0.00
425130.00, 0.00
426130.00, 0.00
428104.00, 0.00
428130.00, 0.00
429130.00, 0.00
429144.40, 0.00
430130.00, 0.00
431130.00, 0.00
432130.00, 0.00
433130.00, 0.00
435117.00, 0.00
435130.00, 0.00
438130.00, 0.00
439130.00, 0.00
439144.40, 0.00
440130.00, 0.00
440144.40, 0.00
441130.00, 0.00
443144.40, 0.00
445117.00, 0.00
446130.00, 0.00
446144.40, 0.00
447130.00, 0.00
450130.00, 0.00
451117.00, 0.00
451144.40, 0.00
453130.00, 0.00
455130.00, 0.00
456130.00, 0.00
457130.00, 0.00
458130.00, 0.00
458144.40, 0.00
460104.00, 0.00
460130.00, 0.00
463130.00, 0.00
463144.40, 0.00
464130.00, 0.00
465130.00, 0.00
466144.40, 0.00
467130.00, 0.00
468130.00, 0.00
469130.00, 0.00
470130.00, 0.00
473130.00, 0.00
474117.00, 0.00
474130.00, 0.00
475130.00, 0.00
478130.00, 0.00
480130.00, 0.00
481130.00, 0.00
483130.00, 0.00
487130.00, 0.00
488117.00, 0.00
488130.00, 0.00
489130.00, 0.00
491130.00, 0.00
493130.00, 0.00
494130.00, 0.00
498130.00, 0.00
499130.00, 0.00
500130.00, 0.00
501130.00, 0.00
502130.00, 0.00
502144.40, 0.00
503104.00, 0.00
503130.00, 0.00
509130.00, 0.00
511130.00, 0.00
512130.00, 0.00
514130.00, 0.00
515117.00, 0.00
515130.00, 0.00
516130.00, 0.00
518144.40, 0.00
519117.00, 0.00
519144.40, 0.00
520130.00, 0.00
522130.00, 0.00
524130.00, 0.00
524144.40, 0.00
525130.00, 0.00
528130.00, 0.00
529130.00, 0.00
530130.00, 0.00
530144.40, 0.00
532130.00, 0.00
533130.00, 0.00
533144.40, 0.00
534130.00, 0.00
535144.40, 0.00
536144.40, 0.00
537104.00, 0.00
537130.00, 0.00
538117.00, 0.00
538130.00, 0.00
538144.40, 0.00
539104.00, 0.00
539130.00, 0.00
539144.40, 0.00
541130.00, 0.00
542130.00, 0.00
543144.40, 0.00
544130.00, 0.00
544144.40, 0.00
545130.00, 0.00
545144.40, 0.00
546130.00, 0.00
546144.40, 0.00
547144.40, 0.00
548130.00, 0.00
548144.40, 0.00
549130.00, 0.00
549144.40, 0.00
550130.00, 0.00
550144.40, 0.00
552130.00, 0.00
553130.00, 0.00
553144.40, 0.00
554130.00, 0.00
554144.40, 0.00
555130.00, 0.00
555144.40, 0.00
556130.00, 0.00
557104.00, 0.00
557130.00, 0.00
558104.00, 0.00
558144.40, 0.00
560117.00, 0.00
560130.00, 0.00
562130.00, 0.00
566130.00, 0.00
568130.00, 0.00
568144.40, 0.00
569130.00, 0.00
570130.00, 0.00
571130.00, 0.00
572130.00, 0.00
573130.00, 0.00
574130.00, 0.00
574144.40, 0.00
575130.00, 0.00
577130.00, 0.00
578117.00, 0.00
578130.00, 0.00
579130.00, 0.00
580104.00, 0.00
580117.00, 0.00
580130.00, 0.00
581104.00, 0.00
581130.00, 0.00
582130.00, 0.00
583104.00, 0.00
583130.00, 0.00
584104.00, 0.00
584130.00, 0.00
585104.00, 0.00
586130.00, 0.00
587130.00, 0.00
589104.00, 0.00
589130.00, 0.00
590130.00, 0.00
591130.00, 0.00
592117.00, 0.00
592130.00, 0.00
593130.00, 0.00
595130.00, 0.00
596130.00, 0.00
597130.00, 0.00
598104.00, 0.00
598130.00, 0.00
598144.40, 0.00
599130.00, 0.00
600130.00, 0.00
600144.40, 0.00
601130.00, 0.00
601144.40, 0.00
602104.00, 0.00
602117.00, 0.00
602130.00, 0.00
603104.00, 0.00
603130.00, 0.00
604130.00, 0.00
605117.00, 0.00
605130.00, 0.00
606130.00, 0.00
607130.00, 0.00
608117.00, 0.00
608130.00, 0.00
609130.00, 0.00
610130.00, 0.00
611130.00, 0.00
612130.00, 0.00
613130.00, 0.00
614104.00, 0.00
614117.00, 0.00
614130.00, 0.00
615104.00, 0.00
615130.00, 0.00
616130.00, 0.00
617104.00, 0.00
617117.00, 0.00
617130.00, 0.00
618130.00, 0.00
619117.00, 0.00
619130.00, 0.00
620117.00, 0.00
620130.00, 0.00
621130.00, 0.00
622117.00, 0.00
622130.00, 0.00
623130.00, 0.00
624130.00, 0.00
625115.60, 0.00
625117.00, 0.00
625130.00, 0.00
625144.40, 0.00
626104.00, 0.00
626130.00, 0.00
627104.00, 0.00
627130.00, 0.00
628130.00, 0.00
629130.00, 0.00
630104.00, 0.00
630130.00, 0.00
630144.40, 0.00
631130.00, 0.00
632104.00, 0.00
632117.00, 0.00
632130.00, 0.00
633104.00, 0.00
633117.00, 0.00
633130.00, 0.00
634130.00, 0.00
635104.00, 0.00
635117.00, 0.00
635130.00, 0.00
636130.00, 0.00
637130.00, 0.00
638117.00, 0.00
638130.00, 0.00
639130.00, 0.00
640130.00, 0.00
641104.00, 0.00
641117.00, 0.00
641130.00, 0.00
642130.00, 0.00
643130.00, 0.00
644104.00, 0.00
644117.00, 0.00
644130.00, 0.00
645130.00, 0.00
646130.00, 0.00
647104.00, 0.00
647117.00, 0.00
647130.00, 0.00
648130.00, 0.00
648144.40, 0.00
649130.00, 0.00
650104.00, 0.00
650117.00, 0.00
650130.00, 0.00
651130.00, 0.00
652130.00, 0.00
653104.00, 0.00
653117.00, 0.00
653130.00, 0.00
654104.00, 0.00
654130.00, 0.00
655130.00, 0.00
656130.00, 0.00
657130.00, 0.00
658130.00, 0.00
659117.00, 0.00
659130.00, 0.00
660130.00, 0.00
660144.40, 0.00
661130.00, 0.00
661144.40, 0.00
662130.00, 0.00
663130.00, 0.00
663144.40, 0.00
664130.00, 0.00
664144.40, 0.00
665117.00, 0.00
665130.00, 0.00
666130.00, 0.00
667130.00, 0.00
668130.00, 0.00
669130.00, 0.00
670130.00, 0.00
671130.00, 0.00
672130.00, 0.00
673144.40, 0.00
674117.00, 0.00
674130.00, 0.00
676130.00, 0.00
677130.00, 0.00
678130.00, 0.00
679130.00, 0.00
680104.00, 0.00
680130.00, 0.00
682144.40, 0.00
683117.00, 0.00
683130.00, 0.00
684144.40, 0.00
685144.40, 0.00
686117.00, 0.00
686130.00, 0.00
686144.40, 0.00
687130.00, 0.00
687144.40, 0.00
688115.60, 0.00
688117.00, 0.00
688130.00, 0.00
688144.40, 0.00
689104.00, 0.00
689117.00, 0.00
689130.00, 0.00
689144.40, 0.00
690130.00, 0.00
690144.40, 0.00
691104.00, 0.00
691117.00, 0.00
691130.00, 0.00
691144.40, 0.00
692115.60, 0.00
692130.00, 0.00
692144.40, 0.00
693130.00, 0.00
693144.40, 0.00
694130.00, 0.00
694144.40, 0.00
695117.00, 0.00
695130.00, 0.00
696130.00, 0.00
697130.00, 0.00
698130.00, 0.00
698144.40, 0.00
699144.40, 0.00
700130.00, 0.00
700144.40, 0.00
701104.00, 0.00
701130.00, 0.00
701144.40, 0.00
702144.40, 0.00
703130.00, 0.00
704130.00, 0.00
705130.00, 0.00
705144.40, 0.00
706130.00, 0.00
706144.40, 0.00
707117.00, 0.00
707130.00, 0.00
707144.40, 0.00
708130.00, 0.00
709130.00, 0.00
710104.00, 0.00
710130.00, 0.00
710144.40, 0.00
711130.00, 0.00
712130.00, 0.00
713104.00, 0.00
713130.00, 0.00
714130.00, 0.00
716130.00, 0.00
717130.00, 0.00
718130.00, 0.00
719130.00, 0.00
720130.00, 0.00
722130.00, 0.00
723130.00, 0.00
725117.00, 0.00
725130.00, 0.00
727130.00, 0.00
728104.00, 0.00
728130.00, 0.00
731130.00, 0.00
732130.00, 0.00
733130.00, 0.00
734130.00, 0.00
735130.00, 0.00
737130.00, 0.00
739130.00, 0.00
740130.00, 0.00
741130.00, 0.00
743130.00, 0.00
744104.00, 0.00
744130.00, 0.00
744144.40, 0.00
746130.00, 0.00
747130.00, 0.00
748130.00, 0.00
749130.00, 0.00
749144.40, 0.00
750130.00, 0.00
751130.00, 0.00
752130.00, 0.00
753130.00, 0.00
754130.00, 0.00
755130.00, 0.00
758130.00, 0.00
762130.00, 0.00
763130.00, 0.00
764130.00, 0.00
767130.00, 0.00
768104.00, 0.00
768130.00, 0.00
772130.00, 0.00
773130.00, 0.00
774130.00, 0.00
775104.00, 0.00
775130.00, 0.00
777130.00, 0.00
780130.00, 0.00
782130.00, 0.00
785130.00, 0.00
785144.40, 0.00
789130.00, 0.00
790144.40, 0.00
791130.00, 0.00
791144.40, 0.00
792130.00, 0.00
793130.00, 0.00
794130.00, 0.00
796130.00, 0.00
797130.00, 0.00
798130.00, 0.00
800144.40, 0.00
802130.00, 0.00
802144.40, 0.00
803144.40, 0.00
804130.00, 0.00
804144.40, 0.00
805144.40, 0.00
806144.40, 0.00
807144.40, 0.00
808130.00, 0.00
809117.00, 0.00
809130.00, 0.00
810130.00, 0.00
811130.00, 0.00
813117.00, 0.00
814130.00, 0.00
815130.00, 0.00
816130.00, 0.00
817130.00, 0.00
819130.00, 0.00
821104.00, 0.00
822117.00, 0.00
825130.00, 0.00
826130.00, 0.00
827130.00, 0.00
828144.40, 0.00
829104.00, 0.00
829130.00, 0.00
829144.40, 0.00
830144.40, 0.00
831130.00, 0.00
834130.00, 0.00
834144.40, 0.00
835117.00, 0.00
835130.00, 0.00
835144.40, 0.00
836115.60, 0.00
836130.00, 0.00
839130.00, 0.00
841130.00, 0.00
843130.00, 0.00
844130.00, 0.00
845130.00, 0.00
849130.00, 0.00
850144.40, 0.00
851130.00, 0.00
852130.00, 0.00
853130.00, 0.00
854130.00, 0.00
854144.40, 0.00
856130.00, 0.00
858104.00, 0.00
858130.00, 0.00
859130.00, 0.00
861117.00, 0.00
861130.00, 0.00
862130.00, 0.00
865117.00, 0.00
866144.40, 0.00
872130.00, 0.00
873130.00, 0.00
873144.40, 0.00
875130.00, 0.00
875144.40, 0.00
876130.00, 0.00
876144.40, 0.00
877130.00, 0.00
878130.00, 0.00
881130.00, 0.00
882104.00, 0.00
882130.00, 0.00
883130.00, 0.00
885130.00, 0.00
886144.40, 0.00
887130.00, 0.00
891130.00, 0.00
892130.00, 0.00
894130.00, 0.00
896130.00, 0.00
899130.00, 0.00
900130.00, 0.00
902130.00, 0.00
902144.40, 0.00
904130.00, 0.00
905144.40, 0.00
906144.40, 0.00
908144.40, 0.00
912130.00, 0.00
912144.40, 0.00
913130.00, 0.00
913144.40, 0.00
916144.40, 0.00
919130.00, 0.00
921130.00, 0.00
922130.00, 0.00
925130.00, 0.00
928130.00, 0.00
932130.00, 0.00
934130.00, 0.00
935130.00, 0.00
936130.00, 0.00
937130.00, 0.00
938130.00, 0.00
940117.00, 0.00
940130.00, 0.00
944130.00, 0.00
948130.00, 0.00
952130.00, 0.00
956130.00, 0.00
959130.00, 0.00
961130.00, 0.00
962130.00, 0.00
964130.00, 0.00
965104.00, 0.00
965117.00, 0.00
965130.00, 0.00
966117.00, 0.00
967104.00, 0.00
967130.00, 0.00
970130.00, 0.00
976130.00, 0.00
977130.00, 0.00
981117.00, 0.00
981130.00, 0.00
982130.00, 0.00
983130.00, 0.00
984130.00, 0.00
985130.00, 0.00
985144.40, 0.00
988104.00, 0.00
989104.00, 0.00
989117.00, 0.00
989130.00, 0.00
990104.00, 0.00
990117.00, 0.00
990130.00, 0.00
991130.00, 0.00
992130.00, 0.00
994104.00, 0.00
994117.00, 0.00
994130.00, 0.00
995130.00, 0.00
996130.00, 0.00
997130.00, 0.00
998130.00, 0.00
999130.00, 0.00
1000130.00, 0.00
1001130.00, 0.00
1002104.00, 0.00
1002130.00, 0.00
1003144.40, 0.00
1005130.00, 0.00
1006130.00, 0.00
1006144.40, 0.00
1007104.00, 0.00
1007130.00, 0.00
1008104.00, 0.00
1008117.00, 0.00
1008130.00, 0.00
1008144.40, 0.00
1009130.00, 0.00
1010130.00, 0.00
1011104.00, 0.00
1011117.00, 0.00
1011130.00, 0.00
1012130.00, 0.00
1012144.40, 0.00
1013130.00, 0.00
1014117.00, 0.00
1014130.00, 0.00
1015130.00, 0.00
1016130.00, 0.00
1017117.00, 0.00
1017130.00, 0.00
1019130.00, 0.00
1020104.00, 0.00
1020117.00, 0.00
1020130.00, 0.00
1021104.00, 0.00
1021130.00, 0.00
1022130.00, 0.00
1023104.00, 0.00
1023117.00, 0.00
1023130.00, 0.00
1024130.00, 0.00
1025104.00, 0.00
1025130.00, 0.00
1026104.00, 0.00
1026117.00, 0.00
1026130.00, 0.00
1027130.00, 0.00
1028104.00, 0.00
1028117.00, 0.00
1028130.00, 0.00
1029104.00, 0.00
1029117.00, 0.00
1029130.00, 0.00
1030130.00, 0.00
1031130.00, 0.00
1032104.00, 0.00
1032117.00, 0.00
1032130.00, 0.00
1034104.00, 0.00
1034130.00, 0.00
1035104.00, 0.00
1035117.00, 0.00
1035130.00, 0.00
1036130.00, 0.00
1037104.00, 0.00
1037130.00, 0.00
1037144.40, 0.00
1038117.00, 0.00
1038130.00, 0.00
1039130.00, 0.00
1040104.00, 0.00
1040130.00, 0.00
1041104.00, 0.00
1041117.00, 0.00
1041130.00, 0.00
1042130.00, 0.00
1043130.00, 0.00
1044104.00, 0.00
1044117.00, 0.00
1044130.00, 0.00
1045130.00, 0.00
1046104.00, 0.00
1046130.00, 0.00
1047104.00, 0.00
1047117.00, 0.00
1047130.00, 0.00
1048104.00, 0.00
1048130.00, 0.00
1049104.00, 0.00
1049130.00, 0.00
1050104.00, 0.00
1050117.00, 0.00
1050130.00, 0.00
1051117.00, 0.00
1051130.00, 0.00
1052130.00, 0.00
1053104.00, 0.00
1053117.00, 0.00
1053130.00, 0.00
1054117.00, 0.00
1054130.00, 0.00
1055130.00, 0.00
1056104.00, 0.00
1056117.00, 0.00
1056130.00, 0.00
1057117.00, 0.00
1057130.00, 0.00
1058130.00, 0.00
1059104.00, 0.00
1059117.00, 0.00
1059130.00, 0.00
1060130.00, 0.00
1061130.00, 0.00
1062117.00, 0.00
1062130.00, 0.00
1063130.00, 0.00
1065104.00, 0.00
1065117.00, 0.00
1065130.00, 0.00
1066130.00, 0.00
1067130.00, 0.00
1068117.00, 0.00
1068130.00, 0.00
1069130.00, 0.00
1070130.00, 0.00
1070144.40, 0.00
1071104.00, 0.00
1071117.00, 0.00
1071130.00, 0.00
1072130.00, 0.00
1073130.00, 0.00
1074117.00, 0.00
1074130.00, 0.00
1075104.00, 0.00
1075130.00, 0.00
1075144.40, 0.00
1076130.00, 0.00
1077104.00, 0.00
1077130.00, 0.00
1078130.00, 0.00
1079144.40, 0.00
1080130.00, 0.00
1081104.00, 0.00
1081130.00, 0.00
1083130.00, 0.00
1084117.00, 0.00
1085115.60, 0.00
1085130.00, 0.00
1085144.40, 0.00
1086130.00, 0.00
1087130.00, 0.00
1088130.00, 0.00
1088144.40, 0.00
1089104.00, 0.00
1089117.00, 0.00
1089130.00, 0.00
1090117.00, 0.00
1091130.00, 0.00
1092104.00, 0.00
1092117.00, 0.00
1092130.00, 0.00
1093130.00, 0.00
1094130.00, 0.00
1095130.00, 0.00
1096130.00, 0.00
1097130.00, 0.00
1097144.40, 0.00
1099144.40, 0.00
1100130.00, 0.00
1101104.00, 0.00
1101130.00, 0.00
1103130.00, 0.00
1104130.00, 0.00
1105130.00, 0.00
1106104.00, 0.00
1106130.00, 0.00
1107130.00, 0.00
1108117.00, 0.00
1108130.00, 0.00
1109130.00, 0.00
1110117.00, 0.00
1110130.00, 0.00
1111130.00, 0.00
1112130.00, 0.00
1113117.00, 0.00
1113130.00, 0.00
1114130.00, 0.00
1116104.00, 0.00
1116130.00, 0.00
1117117.00, 0.00
1118130.00, 0.00
1119104.00, 0.00
1119130.00, 0.00
1120130.00, 0.00
1121104.00, 0.00
1121130.00, 0.00
1122130.00, 0.00
1123130.00, 0.00
1124104.00, 0.00
1125130.00, 0.00
1125144.40, 0.00
1126130.00, 0.00
1127130.00, 0.00
1128104.00, 0.00
1128130.00, 0.00
1129130.00, 0.00
1130130.00, 0.00
1131130.00, 0.00
1132117.00, 0.00
1134130.00, 0.00
1135130.00, 0.00
1136130.00, 0.00
1137130.00, 0.00
1138130.00, 0.00
1139130.00, 0.00
1140130.00, 0.00
1141130.00, 0.00
1142130.00, 0.00
1143104.00, 0.00
1143130.00, 0.00
1144130.00, 0.00
1145130.00, 0.00
1146130.00, 0.00
1147104.00, 0.00
1147130.00, 0.00
1148117.00, 0.00
1149130.00, 0.00
1150104.00, 0.00
1150117.00, 0.00
1150130.00, 0.00
1152104.00, 0.00
1152130.00, 0.00
1153130.00, 0.00
1155130.00, 0.00
1156130.00, 0.00
1158130.00, 0.00
1159130.00, 0.00
1161130.00, 0.00
1162130.00, 0.00
1163130.00, 0.00
1164130.00, 0.00
1165104.00, 0.00
1165117.00, 0.00
1165130.00, 0.00
1167130.00, 0.00
1168130.00, 0.00
1169130.00, 0.00
1170130.00, 0.00
1171130.00, 0.00
1172130.00, 0.00
1173130.00, 0.00
1174117.00, 0.00
1174130.00, 0.00
1175104.00, 0.00
1177130.00, 0.00
1178130.00, 0.00
1179130.00, 0.00
1180130.00, 0.00
1181130.00, 0.00
1182117.00, 0.00
1183130.00, 0.00
1184130.00, 0.00
1185117.00, 0.00
1185130.00, 0.00
1186130.00, 0.00
1187130.00, 0.00
1188130.00, 0.00
1189130.00, 0.00
1190130.00, 0.00
1192130.00, 0.00
1193130.00, 0.00
1195130.00, 0.00
1196130.00, 0.00
1197130.00, 0.00
1199130.00, 0.00
1200130.00, 0.00
1201130.00, 0.00
1202130.00, 0.00
1204130.00, 0.00
1206130.00, 0.00
1207130.00, 0.00
1208130.00, 0.00
1211130.00, 0.00
1212130.00, 0.00
1213104.00, 0.00
1214130.00, 0.00
1215130.00, 0.00
1216130.00, 0.00
1218130.00, 0.00
1219130.00, 0.00
1220130.00, 0.00
1222130.00, 0.00
1226130.00, 0.00
1227117.00, 0.00
1229130.00, 0.00
1234130.00, 0.00
1235117.00, 0.00
1237130.00, 0.00
1240130.00, 0.00
1241130.00, 0.00
1243130.00, 0.00
1244130.00, 0.00
1246130.00, 0.00
1248130.00, 0.00
1249130.00, 0.00
1249144.40, 0.00
1250130.00, 0.00
1250144.40, 0.00
1252130.00, 0.00
1254130.00, 0.00
1255144.40, 0.00
1256117.00, 0.00
1258130.00, 0.00
1262130.00, 0.00
1266130.00, 0.00
1267130.00, 0.00
1268130.00, 0.00
1269130.00, 0.00
1270130.00, 0.00
1272130.00, 0.00
1273130.00, 0.00
1274104.00, 0.00
1274130.00, 0.00
1275130.00, 0.00
1277130.00, 0.00
1278130.00, 0.00
1279104.00, 0.00
1279130.00, 0.00
1281130.00, 0.00
1284130.00, 0.00
1285104.00, 0.00
1285130.00, 0.00
1289130.00, 0.00
1290130.00, 0.00
1292130.00, 0.00
1293130.00, 0.00
1299130.00, 0.00
1301130.00, 0.00
1302130.00, 0.00
1306130.00, 0.00
1309130.00, 0.00
1310130.00, 0.00
1311130.00, 0.00
1312130.00, 0.00
1313130.00, 0.00
1314130.00, 0.00
1315130.00, 0.00
1317130.00, 0.00
1319130.00, 0.00
1321130.00, 0.00
1323130.00, 0.00
1324130.00, 0.00
1325130.00, 0.00
1328130.00, 0.00
1329130.00, 0.00
1330130.00, 0.00
1331130.00, 0.00
1332130.00, 0.00
1333130.00, 0.00
1336130.00, 0.00
1337130.00, 0.00
1338130.00, 0.00
1338144.40, 0.00
1341130.00, 0.00
1342130.00, 0.00
1344130.00, 0.00
1346130.00, 0.00
1350117.00, 0.00
1351130.00, 0.00
1352130.00, 0.00
1353130.00, 0.00
1354130.00, 0.00
1355130.00, 0.00
1356130.00, 0.00
1357130.00, 0.00
1358104.00, 0.00
1359104.00, 0.00
1359130.00, 0.00
1360104.00, 0.00
1361104.00, 0.00
1362130.00, 0.00
1363130.00, 0.00
1364130.00, 0.00
1368130.00, 0.00
1370130.00, 0.00
1371130.00, 0.00
1372104.00, 0.00
1372130.00, 0.00
1373130.00, 0.00
1374130.00, 0.00
1376130.00, 0.00
1377130.00, 0.00
1378130.00, 0.00
1379104.00, 0.00
1379130.00, 0.00
1380117.00, 0.00
1380130.00, 0.00
1382130.00, 0.00
1383130.00, 0.00
1384130.00, 0.00
1385130.00, 0.00
1386130.00, 0.00
1387130.00, 0.00
1388130.00, 0.00
1389104.00, 0.00
1390144.40, 0.00
1391130.00, 0.00
1392130.00, 0.00
1394130.00, 0.00
1395117.00, 0.00
1395130.00, 0.00
1397130.00, 0.00
1398117.00, 0.00
1398130.00, 0.00
1399130.00, 0.00
1400130.00, 0.00
1401130.00, 0.00
1403130.00, 0.00
1404130.00, 0.00
1406104.00, 0.00
1406130.00, 0.00
1407130.00, 0.00
1409130.00, 0.00
1412130.00, 0.00
1417130.00, 0.00
1419130.00, 0.00
1420130.00, 0.00
1421130.00, 0.00
1422130.00, 0.00
1423130.00, 0.00
1425104.00, 0.00
1426130.00, 0.00
1427130.00, 0.00
1428130.00, 0.00
1429130.00, 0.00
1430130.00, 0.00
1431130.00, 0.00
1432117.00, 0.00
1433130.00, 0.00
1434115.60, 0.00
1434117.00, 0.00
1434130.00, 0.00
1434144.40, 0.00
1435130.00, 0.00
1437117.00, 0.00
1437130.00, 0.00
1438130.00, 0.00
1439130.00, 0.00
1440130.00, 0.00
1441117.00, 0.00
1442130.00, 0.00
1443130.00, 0.00
1445117.00, 0.00
1445130.00, 0.00
1446104.00, 0.00
1446130.00, 0.00
1447130.00, 0.00
1448117.00, 0.00
1448130.00, 0.00
1449104.00, 0.00
1449130.00, 0.00
1450130.00, 0.00
1451104.00, 0.00
1451130.00, 0.00
1452104.00, 0.00
1452130.00, 0.00
1453130.00, 0.00
1454117.00, 0.00
1454130.00, 0.00
1455104.00, 0.00
1455130.00, 0.00
1457130.00, 0.00
1459130.00, 0.00
1460130.00, 0.00
1463130.00, 0.00
1464130.00, 0.00
1465130.00, 0.00
1466104.00, 0.00
1466130.00, 0.00
1467130.00, 0.00
1468130.00, 0.00
1469130.00, 0.00
1471130.00, 0.00
1472104.00, 0.03
1472117.00, 0.04
1472130.00, 0.64
1476130.00, 0.00
1476144.40, 0.00
1526130.00, 0.00
1526144.40, 0.00
1527130.00, 0.00
1546130.00, 0.00
1559130.00, 0.00
1564104.00, 0.00
1564130.00, 0.00
1566130.00, 0.00
1594130.00, 0.00

