36000  0.001134 
48000  0.003969 
54000  0.994897 

54000  1.000000 

36000  0.001134 
48000  0.003969 
54000  0.994897 

12000  0.003515 
24000  0.003515 
36000  0.007030 
48000  0.367311 
54000  0.618629 

54000  1.000000 

12000  0.000520 
36000  0.004160 
48000  0.003120 
54000  0.992200 

12000  0.006793 
18000  0.018003 
24000  0.077446 
36000  0.371603 
48000  0.170856 
54000  0.355299 

12000  0.003515 
24000  0.003515 
36000  0.007030 
48000  0.367311 
54000  0.618629 

36000  0.001134 
48000  0.003969 
54000  0.994897 

