 124  0.000780 
 125  0.000026 
 126  0.000013 
 127  0.000013 
 128  0.000038 
 129  0.000013 
 130  0.000038 
 132  0.000026 
 133  0.000038 
 134  0.000013 
 135  0.000013 
 136  0.000243 
 138  0.000013 
 140  0.000090 
 141  0.000038 
 142  0.000013 
 144  0.000205 
 145  0.000026 
 148  0.000051 
 151  0.000026 
 152  0.000038 
 153  0.000013 
 154  0.000038 
 155  0.000026 
 156  0.000281 
 157  0.000026 
 159  0.000051 
 160  0.000026 
 161  0.000013 
 162  0.000179 
 163  0.000013 
 164  0.000038 
 165  0.000090 
 167  0.000038 
 168  0.000064 
 169  0.000013 
 170  0.000026 
 173  0.000013 
 175  0.000038 
 176  0.000013 
 177  0.000038 
 179  0.000013 
 180  0.000038 
 182  0.000013 
 183  0.000026 
 184  0.000051 
 185  0.000026 
 186  0.000051 
 187  0.000026 
 188  0.000013 
 189  0.000013 
 190  0.000051 
 191  0.000013 
 194  0.000013 
 196  0.000013 
 198  0.000064 
 199  0.000013 
 200  0.000051 
 201  0.000064 
 202  0.000013 
 203  0.000013 
 204  0.000038 
 207  0.000026 
 208  0.000102 
 209  0.000013 
 210  0.000013 
 211  0.000026 
 212  0.000026 
 214  0.000243 
 215  0.000013 
 216  0.000102 
 217  0.000141 
 219  0.000013 
 220  0.000013 
 221  0.000013 
 222  0.000026 
 224  0.000026 
 226  0.000013 
 227  0.000013 
 231  0.000026 
 232  0.000026 
 234  0.000026 
 235  0.000013 
 236  0.000038 
 237  0.000013 
 238  0.000038 
 240  0.000026 
 243  0.000013 
 244  0.000013 
 245  0.000038 
 246  0.000013 
 247  0.000026 
 248  0.000026 
 250  0.000013 
 251  0.000013 
 252  0.000064 
 253  0.000026 
 254  0.000038 
 255  0.000013 
 256  0.000038 
 259  0.000013 
 260  0.000026 
 263  0.000013 
 264  0.000038 
 265  0.000026 
 266  0.000026 
 267  0.000013 
 268  0.000038 
 269  0.000026 
 273  0.000013 
 276  0.000051 
 277  0.000013 
 278  0.000013 
 279  0.000026 
 280  0.000038 
 283  0.000013 
 284  0.000013 
 287  0.000013 
 288  0.000013 
 289  0.000013 
 291  0.000013 
 292  0.000013 
 294  0.000013 
 295  0.000013 
 297  0.000013 
 299  0.000013 
 300  0.000090 
 301  0.000013 
 304  0.000013 
 305  0.000026 
 306  0.000013 
 307  0.000013 
 308  0.000038 
 310  0.000013 
 312  0.000013 
 314  0.000013 
 316  0.000026 
 319  0.000013 
 320  0.000026 
 321  0.000013 
 322  0.000038 
 324  0.000038 
 325  0.000013 
 326  0.000013 
 327  0.000026 
 328  0.000013 
 330  0.000013 
 331  0.000013 
 332  0.000013 
 333  0.000026 
 334  0.000026 
 335  0.000051 
 336  0.000013 
 337  0.000051 
 340  0.000013 
 341  0.000013 
 342  0.000013 
 343  0.000026 
 344  0.000038 
 345  0.000026 
 347  0.000013 
 348  0.000077 
 349  0.000013 
 351  0.000026 
 352  0.000013 
 356  0.000026 
 358  0.000013 
 359  0.000026 
 360  0.000051 
 361  0.000026 
 362  0.000013 
 364  0.000077 
 366  0.000026 
 368  0.000038 
 370  0.000013 
 372  0.000038 
 373  0.000051 
 374  0.000013 
 376  0.000038 
 377  0.000013 
 378  0.000013 
 379  0.000026 
 381  0.000013 
 383  0.000013 
 384  0.000038 
 385  0.000026 
 386  0.000026 
 390  0.000051 
 392  0.000038 
 396  0.000013 
 397  0.000013 
 398  0.000013 
 399  0.000038 
 400  0.000038 
 401  0.000013 
 403  0.000038 
 404  0.000051 
 406  0.000013 
 407  0.000013 
 410  0.000026 
 412  0.000026 
 416  0.000013 
 419  0.000013 
 420  0.000013 
 422  0.000026 
 424  0.000026 
 425  0.000013 
 426  0.000013 
 428  0.000013 
 429  0.000026 
 431  0.000026 
 432  0.000026 
 436  0.000038 
 437  0.000026 
 438  0.000038 
 440  0.000026 
 442  0.000013 
 444  0.000026 
 448  0.000051 
 451  0.000013 
 454  0.000038 
 456  0.000013 
 457  0.000013 
 458  0.000013 
 459  0.000038 
 460  0.000038 
 461  0.000026 
 462  0.000038 
 463  0.000013 
 464  0.000026 
 465  0.000038 
 468  0.000026 
 469  0.000013 
 472  0.000038 
 473  0.000013 
 476  0.000013 
 478  0.000013 
 480  0.000013 
 484  0.000013 
 485  0.000026 
 488  0.000038 
 490  0.000013 
 492  0.000038 
 494  0.000051 
 496  0.000013 
 497  0.000038 
 499  0.000026 
 500  0.000038 
 502  0.000013 
 503  0.000013 
 504  0.000013 
 506  0.000013 
 508  0.000026 
 511  0.000013 
 512  0.000051 
 514  0.000026 
 515  0.000038 
 516  0.000013 
 517  0.000038 
 519  0.000013 
 520  0.000013 
 521  0.000064 
 522  0.000051 
 523  0.000026 
 524  0.000013 
 526  0.000013 
 528  0.000038 
 530  0.000013 
 531  0.000013 
 532  0.000026 
 533  0.000013 
 536  0.000013 
 538  0.000026 
 539  0.000038 
 540  0.000026 
 542  0.000013 
 544  0.000038 
 548  0.000038 
 549  0.000013 
 550  0.000013 
 551  0.000026 
 552  0.000038 
 554  0.000013 
 556  0.000013 
 557  0.000013 
 560  0.000038 
 563  0.000038 
 564  0.000064 
 565  0.000038 
 566  0.000026 
 567  0.000038 
 568  0.000077 
 570  0.000026 
 571  0.000013 
 573  0.000013 
 575  0.000013 
 576  0.000051 
 578  0.000013 
 580  0.000026 
 584  0.000026 
 585  0.000051 
 586  0.000013 
 588  0.000013 
 590  0.000013 
 592  0.000013 
 594  0.000013 
 596  0.000026 
 597  0.000013 
 600  0.000051 
 602  0.000013 
 604  0.000026 
 605  0.000013 
 606  0.000013 
 607  0.000013 
 608  0.000026 
 611  0.000013 
 612  0.000013 
 615  0.000013 
 616  0.000038 
 619  0.000038 
 620  0.000038 
 621  0.000038 
 623  0.000026 
 624  0.000013 
 625  0.000013 
 626  0.000026 
 627  0.000013 
 628  0.000013 
 632  0.000026 
 634  0.000013 
 635  0.000013 
 636  0.000013 
 639  0.000013 
 640  0.000038 
 641  0.000038 
 644  0.000026 
 648  0.000090 
 650  0.000026 
 651  0.000013 
 652  0.000013 
 653  0.000026 
 656  0.000026 
 657  0.000026 
 658  0.000013 
 659  0.000013 
 660  0.000038 
 661  0.000013 
 663  0.000051 
 664  0.000026 
 665  0.000013 
 667  0.000013 
 668  0.000026 
 669  0.000026 
 671  0.000038 
 672  0.000026 
 673  0.000013 
 674  0.000038 
 675  0.000038 
 676  0.000051 
 678  0.000013 
 679  0.000013 
 680  0.000064 
 681  0.000166 
 682  0.000422 
 683  0.000627 
 684  0.000870 
 685  0.001036 
 686  0.000768 
 687  0.000921 
 688  0.000435 
 689  0.000345 
 690  0.000448 
 691  0.000166 
 692  0.000064 
 693  0.000013 
 694  0.000038 
 696  0.000026 
 697  0.000026 
 700  0.000026 
 701  0.000013 
 702  0.000013 
 703  0.000013 
 704  0.000038 
 706  0.000026 
 707  0.000013 
 708  0.000013 
 710  0.000051 
 711  0.000038 
 712  0.000038 
 714  0.000013 
 716  0.000026 
 719  0.000026 
 720  0.000038 
 722  0.000038 
 723  0.000026 
 724  0.000038 
 728  0.000013 
 732  0.000038 
 733  0.000013 
 736  0.000026 
 739  0.000013 
 740  0.000026 
 741  0.000013 
 742  0.000013 
 744  0.000077 
 746  0.000013 
 747  0.000013 
 748  0.000026 
 749  0.000013 
 752  0.000013 
 753  0.000013 
 756  0.000077 
 760  0.000026 
 762  0.000013 
 763  0.000013 
 764  0.000013 
 765  0.000026 
 766  0.000013 
 767  0.000013 
 768  0.000013 
 772  0.000026 
 774  0.000026 
 776  0.000013 
 777  0.000026 
 778  0.000038 
 779  0.000026 
 780  0.000013 
 781  0.000038 
 782  0.000013 
 783  0.000026 
 784  0.000013 
 785  0.000013 
 789  0.000026 
 790  0.000013 
 791  0.000013 
 792  0.000013 
 794  0.000026 
 795  0.000013 
 799  0.000013 
 800  0.000026 
 801  0.000026 
 803  0.000026 
 804  0.000026 
 807  0.000013 
 808  0.000051 
 811  0.000013 
 812  0.000026 
 813  0.000026 
 814  0.000013 
 816  0.000038 
 817  0.000038 
 818  0.000013 
 824  0.000038 
 828  0.000013 
 835  0.000013 
 836  0.000051 
 840  0.000026 
 841  0.000026 
 844  0.000013 
 846  0.000013 
 847  0.000013 
 848  0.000026 
 849  0.000013 
 851  0.000026 
 852  0.000051 
 853  0.000051 
 856  0.000038 
 858  0.000013 
 859  0.000026 
 860  0.000064 
 861  0.000013 
 863  0.000013 
 864  0.000038 
 866  0.000013 
 867  0.000013 
 868  0.000026 
 869  0.000013 
 870  0.000013 
 872  0.000013 
 875  0.000013 
 876  0.000013 
 877  0.000013 
 880  0.000013 
 881  0.000038 
 883  0.000013 
 884  0.000026 
 886  0.000013 
 887  0.000013 
 888  0.000026 
 890  0.000013 
 891  0.000013 
 894  0.000013 
 896  0.000026 
 897  0.000038 
 900  0.000038 
 902  0.000013 
 903  0.000013 
 904  0.000038 
 905  0.000013 
 906  0.000038 
 907  0.000013 
 909  0.000038 
 911  0.000013 
 914  0.000013 
 915  0.000013 
 916  0.000051 
 917  0.000026 
 919  0.000013 
 924  0.000013 
 928  0.000013 
 930  0.000013 
 931  0.000013 
 932  0.000026 
 934  0.000013 
 935  0.000013 
 936  0.000013 
 937  0.000013 
 938  0.000026 
 940  0.000026 
 942  0.000013 
 943  0.000013 
 944  0.000026 
 945  0.000013 
 946  0.000013 
 948  0.000038 
 951  0.000013 
 952  0.000013 
 953  0.000013 
 956  0.000013 
 957  0.000013 
 960  0.000013 
 961  0.000013 
 962  0.000013 
 964  0.000038 
 965  0.000013 
 966  0.000026 
 968  0.000013 
 969  0.000013 
 970  0.000013 
 972  0.000026 
 973  0.000013 
 975  0.000026 
 976  0.000013 
 979  0.000038 
 980  0.000038 
 982  0.000013 
 985  0.000013 
 986  0.000026 
 988  0.000026 
 989  0.000013 
 990  0.000013 
 992  0.000026 
 993  0.000013 
 996  0.000026 
 997  0.000013 
 998  0.000013 
 999  0.000013 
1000  0.000026 
1001  0.000026 
1002  0.000026 
1003  0.000026 
1004  0.000051 
1005  0.000013 
1006  0.000013 
1008  0.000038 
1010  0.000013 
1012  0.000013 
1015  0.000013 
1016  0.000026 
1018  0.000051 
1019  0.000013 
1020  0.000038 
1021  0.000026 
1025  0.000013 
1028  0.000115 
1029  0.000026 
1030  0.000013 
1032  0.000026 
1033  0.000026 
1036  0.000013 
1037  0.000026 
1039  0.000013 
1040  0.000013 
1042  0.000013 
1043  0.000026 
1044  0.000013 
1045  0.000026 
1046  0.000013 
1047  0.000013 
1048  0.000013 
1052  0.000026 
1054  0.000013 
1056  0.000013 
1057  0.000026 
1059  0.000013 
1063  0.000013 
1064  0.000038 
1065  0.000026 
1066  0.000013 
1070  0.000013 
1072  0.000038 
1073  0.000013 
1074  0.000026 
1077  0.000013 
1079  0.000013 
1080  0.000038 
1081  0.000013 
1084  0.000064 
1086  0.000013 
1088  0.000013 
1092  0.000051 
1098  0.000026 
1100  0.000013 
1101  0.000013 
1104  0.000026 
1105  0.000013 
1108  0.000038 
1110  0.000026 
1111  0.000026 
1112  0.000038 
1113  0.000013 
1116  0.000038 
1117  0.000026 
1118  0.000013 
1121  0.000013 
1124  0.000026 
1127  0.000013 
1128  0.000038 
1130  0.000013 
1132  0.000026 
1135  0.000013 
1136  0.000013 
1138  0.000013 
1139  0.000013 
1140  0.000038 
1144  0.000038 
1146  0.000013 
1148  0.000026 
1152  0.000038 
1156  0.000013 
1157  0.000013 
1158  0.000013 
1159  0.000026 
1160  0.000013 
1161  0.000026 
1164  0.000026 
1166  0.000013 
1167  0.000013 
1169  0.000013 
1170  0.000013 
1172  0.000038 
1173  0.000038 
1174  0.000013 
1176  0.000026 
1179  0.000051 
1184  0.000013 
1185  0.000026 
1186  0.000013 
1188  0.000026 
1191  0.000013 
1192  0.000013 
1193  0.000013 
1195  0.000013 
1196  0.000026 
1200  0.000026 
1202  0.000013 
1203  0.000038 
1206  0.000026 
1210  0.000013 
1211  0.000026 
1213  0.000013 
1214  0.000026 
1215  0.000013 
1216  0.000038 
1217  0.000026 
1219  0.000013 
1223  0.000026 
1224  0.000013 
1226  0.000026 
1228  0.000038 
1229  0.000026 
1233  0.000013 
1235  0.000013 
1240  0.000038 
1242  0.000013 
1243  0.000013 
1244  0.000013 
1247  0.000026 
1248  0.000013 
1251  0.000013 
1252  0.000013 
1253  0.000013 
1255  0.000013 
1256  0.000038 
1258  0.000013 
1260  0.000064 
1261  0.000013 
1262  0.000013 
1263  0.000013 
1264  0.000013 
1265  0.000013 
1266  0.000038 
1268  0.000038 
1270  0.000013 
1272  0.000013 
1273  0.000013 
1274  0.000026 
1276  0.000038 
1278  0.000038 
1280  0.000051 
1281  0.000013 
1284  0.000026 
1285  0.000013 
1286  0.000013 
1287  0.000013 
1288  0.000038 
1289  0.000026 
1290  0.000013 
1291  0.000026 
1292  0.000038 
1294  0.000013 
1300  0.000013 
1302  0.000013 
1303  0.000026 
1304  0.000026 
1305  0.000026 
1309  0.000013 
1310  0.000013 
1312  0.000064 
1313  0.000013 
1314  0.000013 
1315  0.000026 
1316  0.000013 
1317  0.000013 
1320  0.000026 
1323  0.000013 
1324  0.000026 
1326  0.000026 
1328  0.000038 
1330  0.000013 
1331  0.000026 
1335  0.000013 
1336  0.000026 
1337  0.000013 
1338  0.000026 
1341  0.000013 
1343  0.000013 
1344  0.000013 
1345  0.000013 
1347  0.000013 
1348  0.000038 
1351  0.000051 
1352  0.000038 
1355  0.000013 
1356  0.000013 
1357  0.000013 
1358  0.000026 
1360  0.000013 
1361  0.000026 
1363  0.000013 
1364  0.000064 
1365  0.000013 
1366  0.000026 
1367  0.000026 
1368  0.000026 
1369  0.000026 
1370  0.000013 
1372  0.000013 
1373  0.000013 
1375  0.000013 
1376  0.000064 
1379  0.000038 
1380  0.000026 
1381  0.000013 
1384  0.000026 
1386  0.000026 
1388  0.000038 
1391  0.000026 
1392  0.000051 
1393  0.000013 
1395  0.000013 
1396  0.000026 
1399  0.000026 
1400  0.000038 
1403  0.000026 
1404  0.000051 
1406  0.000013 
1408  0.000026 
1409  0.000013 
1410  0.000013 
1412  0.000026 
1416  0.000026 
1417  0.000013 
1420  0.000013 
1421  0.000013 
1423  0.000013 
1424  0.000026 
1427  0.000026 
1428  0.000013 
1430  0.000026 
1432  0.000038 
1436  0.000026 
1437  0.000013 
1438  0.000013 
1440  0.000013 
1441  0.000026 
1442  0.000013 
1443  0.000013 
1444  0.000038 
1447  0.000013 
1448  0.000026 
1449  0.000013 
1452  0.000026 
1454  0.000026 
1456  0.000013 
1458  0.000013 
1459  0.000013 
1460  0.000051 
1461  0.000038 
1462  0.000026 
1463  0.000013 
1465  0.000166 
1467  0.000026 
1468  0.000013 
1472  0.000051 
1473  0.000013 
1475  0.000013 
1476  0.000013 
1478  0.000026 
1479  0.000026 
1480  0.000026 
1481  0.000026 
1482  0.093826 
1484  0.000026 
1485  0.000013 
1487  0.000013 
1489  0.000013 
1490  0.000013 
1492  0.000051 
1495  0.000013 
1500  0.000026 
1504  0.000038 
1508  0.000013 
1509  0.000013 
1511  0.000013 
1512  0.000102 
1516  0.000026 
1520  0.000026 
1521  0.000026 
1523  0.000038 
1524  0.000026 
1525  0.000013 
1526  0.000013 
1528  0.000038 
1532  0.000038 
1533  0.000013 
1534  0.000013 
1536  0.000115 
1538  0.000013 
1539  0.000013 
1540  0.000026 
1541  0.000013 
1544  0.000026 
1545  0.000013 
1548  0.000051 
1550  0.000013 
1552  0.000026 
1553  0.000013 
1555  0.000013 
1556  0.000013 
1559  0.000026 
1560  0.000026 
1561  0.000013 
1564  0.000038 
1565  0.000013 
1568  0.000026 
1572  0.000013 
1576  0.000013 
1577  0.000013 
1578  0.000013 
1582  0.000013 
1584  0.877159 

  96  0.000026 
 120  0.001519 
 126  0.000020 
 128  0.000052 
 129  0.000026 
 131  0.000026 
 132  0.000183 
 137  0.000026 
 139  0.000007 
 140  0.798841 
 141  0.000026 
 145  0.000013 
 146  0.000046 
 150  0.000013 
 152  0.157482 
 154  0.000007 
 155  0.000242 
 156  0.000007 
 157  0.000013 
 158  0.000007 
 160  0.030061 
 162  0.000007 
 164  0.000059 
 165  0.000157 
 166  0.000026 
 168  0.007957 
 169  0.000039 
 170  0.000020 
 171  0.000007 
 173  0.000007 
 175  0.000065 
 178  0.000013 
 182  0.000020 
 184  0.000020 
 185  0.000065 
 186  0.000020 
 189  0.000013 
 190  0.000020 
 191  0.000007 
 193  0.000039 
 195  0.000013 
 196  0.000007 
 215  0.000020 
 221  0.000026 
 225  0.000039 
 228  0.000026 
 229  0.000039 
 230  0.000033 
 231  0.000007 
 245  0.000013 
 249  0.000007 
 273  0.000007 
 348  0.000039 
 354  0.000007 
 355  0.000007 
 360  0.000013 
 377  0.000007 
 396  0.000007 
 397  0.000013 
 402  0.000007 
 405  0.000007 
 418  0.000007 
 439  0.000013 
 469  0.000007 
 503  0.000007 
 637  0.000007 
 657  0.000020 
 669  0.000059 
 672  0.000039 
 763  0.000013 
 794  0.000007 
 796  0.000007 
 801  0.000007 
 834  0.000039 
 835  0.000183 
 837  0.000013 
 838  0.000098 
 839  0.000098 
 840  0.000596 
 841  0.000013 
 854  0.000007 
1042  0.000007 
1045  0.000007 
1047  0.000007 
1051  0.000007 
1057  0.000007 
1060  0.000007 
1065  0.000020 
1101  0.000013 
1178  0.000007 
1185  0.000007 
1217  0.000013 
1245  0.000007 
1426  0.000007 
1441  0.000007 
1466  0.000020 
1485  0.000007 
1525  0.000007 
1542  0.000007 
1548  0.001061 

 114  0.000017 
 120  0.000155 
 128  0.000043 
 131  0.000060 
 132  0.000017 
 140  0.001623 
 145  0.000009 
 146  0.000009 
 148  0.000052 
 151  0.000009 
 152  0.000544 
 154  0.000009 
 157  0.000017 
 159  0.000026 
 162  0.000009 
 164  0.000164 
 166  0.000009 
 167  0.000009 
 170  0.000017 
 171  0.000043 
 172  0.000078 
 173  0.000026 
 174  0.000017 
 176  0.000112 
 178  0.000043 
 179  0.000026 
 182  0.000043 
 183  0.000017 
 186  0.000017 
 188  0.000181 
 189  0.000009 
 190  0.000017 
 191  0.000052 
 196  0.000026 
 200  0.000147 
 202  0.000009 
 203  0.000069 
 205  0.000009 
 208  0.000017 
 212  0.000164 
 215  0.000017 
 219  0.000009 
 223  0.000017 
 224  0.000173 
 230  0.000017 
 235  0.000026 
 236  0.000242 
 239  0.000009 
 244  0.000009 
 247  0.000009 
 248  0.000147 
 257  0.000017 
 259  0.000009 
 260  0.000104 
 262  0.000009 
 267  0.000009 
 268  0.000009 
 270  0.000026 
 272  0.000078 
 273  0.000009 
 274  0.000009 
 276  0.000009 
 277  0.000009 
 284  0.000069 
 294  0.000009 
 296  0.000052 
 297  0.000009 
 300  0.000009 
 301  0.000009 
 302  0.000009 
 308  0.000060 
 314  0.000009 
 315  0.000009 
 318  0.000009 
 320  0.000078 
 321  0.000009 
 326  0.000026 
 328  0.000009 
 330  0.000017 
 332  0.000035 
 344  0.000017 
 345  0.000035 
 354  0.000009 
 356  0.000078 
 358  0.000009 
 368  0.000009 
 377  0.000009 
 378  0.000009 
 380  0.000017 
 385  0.000017 
 388  0.000009 
 390  0.000009 
 392  0.000069 
 404  0.000052 
 416  0.000017 
 417  0.000009 
 424  0.000009 
 428  0.000086 
 433  0.000009 
 440  0.000026 
 444  0.000009 
 451  0.000009 
 452  0.000026 
 456  0.000017 
 462  0.000009 
 464  0.000009 
 468  0.000009 
 479  0.000017 
 485  0.000017 
 488  0.000026 
 489  0.000009 
 492  0.000009 
 498  0.000009 
 500  0.000017 
 501  0.000009 
 505  0.000009 
 506  0.000009 
 509  0.000009 
 512  0.000017 
 513  0.000009 
 514  0.000009 
 517  0.000009 
 520  0.000009 
 525  0.000009 
 527  0.000009 
 536  0.000009 
 549  0.000009 
 554  0.000009 
 558  0.000009 
 566  0.000009 
 568  0.000009 
 583  0.000009 
 585  0.000009 
 587  0.000009 
 596  0.000009 
 597  0.000009 
 598  0.000009 
 600  0.000009 
 606  0.000009 
 613  0.000009 
 618  0.000009 
 624  0.000009 
 630  0.000009 
 636  0.000009 
 646  0.000009 
 647  0.000009 
 651  0.000009 
 655  0.000009 
 664  0.000035 
 666  0.000009 
 671  0.000009 
 672  0.000009 
 673  0.000017 
 675  0.000009 
 679  0.000017 
 684  0.000009 
 688  0.000009 
 690  0.000009 
 693  0.000009 
 702  0.000009 
 703  0.000009 
 707  0.000009 
 708  0.000017 
 709  0.000017 
 710  0.000095 
 711  0.000268 
 712  0.000181 
 713  0.000190 
 728  0.000009 
 748  0.000017 
 757  0.000009 
 774  0.000009 
 797  0.000009 
 798  0.000009 
 804  0.000009 
 813  0.000009 
 846  0.000009 
 847  0.000009 
 849  0.000009 
 855  0.000009 
 862  0.000009 
 867  0.000009 
 873  0.000009 
 877  0.000009 
 881  0.000009 
 884  0.000009 
 885  0.000009 
 887  0.000009 
 889  0.000009 
 905  0.000009 
 910  0.000009 
 915  0.000009 
 919  0.000009 
 923  0.000009 
 927  0.000009 
 945  0.000009 
 946  0.000009 
 952  0.000009 
 957  0.000009 
 959  0.000009 
 973  0.000009 
 978  0.000009 
 984  0.000009 
 991  0.000009 
 997  0.000009 
1013  0.000009 
1016  0.000009 
1019  0.000009 
1023  0.000009 
1032  0.000009 
1033  0.000949 
1058  0.000009 
1059  0.000009 
1073  0.000009 
1074  0.000009 
1079  0.000009 
1081  0.000009 
1090  0.000009 
1095  0.000009 
1105  0.000017 
1120  0.000009 
1132  0.000009 
1138  0.000009 
1146  0.000009 
1147  0.000009 
1148  0.000009 
1150  0.000009 
1163  0.000009 
1173  0.000009 
1175  0.000009 
1198  0.000009 
1211  0.000009 
1217  0.000009 
1222  0.000009 
1232  0.000009 
1237  0.000009 
1268  0.000009 
1279  0.000009 
1283  0.000009 
1290  0.000009 
1294  0.000009 
1299  0.000009 
1301  0.000009 
1304  0.000017 
1327  0.000009 
1328  0.000017 
1329  0.000009 
1334  0.000009 
1335  0.000017 
1348  0.000095 
1351  0.000009 
1352  0.000017 
1356  0.000009 
1362  0.000009 
1363  0.000017 
1364  0.000009 
1366  0.000017 
1376  0.000060 
1378  0.000009 
1380  0.000009 
1386  0.000009 
1392  0.000009 
1400  0.000052 
1404  0.000009 
1412  0.000009 
1417  0.000009 
1424  0.000052 
1427  0.000009 
1430  0.000009 
1436  0.000026 
1448  0.000069 
1460  0.000026 
1464  0.000009 
1466  0.000009 
1472  0.000069 
1474  0.000009 
1483  0.000009 
1484  0.000026 
1496  0.000009 
1508  0.000017 
1514  0.000009 
1516  0.000009 
1520  0.000009 
1522  0.000009 
1526  0.000009 
1532  0.000009 
1536  0.000017 
1537  0.000026 
1538  0.000017 
1540  0.000017 
1544  0.000009 
1548  0.000233 
1556  0.000009 
1560  0.000009 
1568  0.989996 

