    1.00, 0.07
    2.00, 0.01
    5.00, 0.00
   11.00, 0.01
   12.00, 0.00
   21.00, 0.00
   31.00, 0.00
   32.00, 0.00
   41.00, 0.00
   51.00, 0.00
   61.00, 0.00
   71.00, 0.00
   81.00, 0.00
   91.00, 0.00
  101.00, 0.00
  111.00, 0.00
  112.00, 0.00
  121.00, 0.00
  131.00, 0.00
  141.00, 0.04
  142.00, 0.17
  145.00, 0.00
  151.00, 0.00
  161.00, 0.00
  162.00, 0.00
  171.00, 0.00
  181.00, 0.00
  191.00, 0.00
  201.00, 0.00
  202.00, 0.00
  205.00, 0.00
  211.00, 0.00
  221.00, 0.00
  231.00, 0.00
  241.00, 0.00
  251.00, 0.00
  261.00, 0.00
  271.00, 0.00
  281.00, 0.02
  282.00, 0.00
  285.00, 0.00
  291.00, 0.00
  301.00, 0.00
  302.00, 0.00
  305.00, 0.00
  311.00, 0.00
  312.00, 0.00
  321.00, 0.00
  325.00, 0.00
  331.00, 0.00
  332.00, 0.00
  341.00, 0.00
  342.00, 0.00
  345.00, 0.00
  351.00, 0.00
  352.00, 0.00
  361.00, 0.00
  362.00, 0.00
  365.00, 0.00
  371.00, 0.00
  372.00, 0.00
  375.00, 0.00
  381.00, 0.00
  382.00, 0.00
  391.00, 0.00
  392.00, 0.00
  395.00, 0.00
  401.00, 0.00
  402.00, 0.00
  405.00, 0.00
  411.00, 0.00
  412.00, 0.00
  415.00, 0.00
  421.00, 0.00
  422.00, 0.00
  425.00, 0.00
  431.00, 0.00
  432.00, 0.00
  441.00, 0.00
  442.00, 0.00
  451.00, 0.00
  452.00, 0.00
  461.00, 0.00
  462.00, 0.00
  471.00, 0.00
  472.00, 0.00
  481.00, 0.00
  482.00, 0.00
  491.00, 0.00
  492.00, 0.00
  501.00, 0.00
  502.00, 0.00
  511.00, 0.00
  512.00, 0.00
  521.00, 0.00
  522.00, 0.00
  531.00, 0.00
  532.00, 0.00
  541.00, 0.00
  542.00, 0.00
  551.00, 0.00
  561.00, 0.00
  562.00, 0.00
  571.00, 0.00
  581.00, 0.00
  582.00, 0.00
  591.00, 0.00
  601.00, 0.00
  611.00, 0.00
  621.00, 0.00
  631.00, 0.00
  632.00, 0.00
  641.00, 0.00
  642.00, 0.00
  645.00, 0.00
  651.00, 0.00
  661.00, 0.00
  662.00, 0.00
  671.00, 0.00
  681.00, 0.00
  682.00, 0.00
  691.00, 0.00
  692.00, 0.00
  695.00, 0.00
  701.00, 0.00
  702.00, 0.00
  705.00, 0.00
  711.00, 0.00
  712.00, 0.00
  721.00, 0.00
  731.00, 0.00
  741.00, 0.00
  742.00, 0.00
  745.00, 0.00
  751.00, 0.00
  761.00, 0.00
  762.00, 0.00
  765.00, 0.00
  771.00, 0.00
  772.00, 0.00
  775.00, 0.00
  781.00, 0.00
  782.00, 0.00
  785.00, 0.00
  791.00, 0.00
  801.00, 0.00
  811.00, 0.00
  812.00, 0.00
  815.00, 0.00
  821.00, 0.00
  822.00, 0.00
  825.00, 0.00
  831.00, 0.00
  835.00, 0.00
  841.00, 0.00
  842.00, 0.00
  845.00, 0.00
  851.00, 0.00
  855.00, 0.00
  861.00, 0.00
  862.00, 0.00
  865.00, 0.00
  871.00, 0.02
  872.00, 0.00
  875.00, 0.00
  881.00, 0.00
  882.00, 0.00
  885.00, 0.00
  891.00, 0.00
  901.00, 0.00
  902.00, 0.00
  905.00, 0.00
  911.00, 0.00
  912.00, 0.00
  915.00, 0.00
  921.00, 0.00
  922.00, 0.00
  925.00, 0.00
  931.00, 0.29
  932.00, 0.00
  935.00, 0.00
  941.00, 0.00
  942.00, 0.00
  945.00, 0.00
  951.00, 0.00
  952.00, 0.00
  955.00, 0.00
  961.00, 0.00
  962.00, 0.00
  965.00, 0.00
  971.00, 0.00
  972.00, 0.00
  975.00, 0.00
  981.00, 0.00
  982.00, 0.00
  985.00, 0.00
  991.00, 0.00
  992.00, 0.00
  995.00, 0.00
 1001.00, 0.00
 1002.00, 0.00
 1005.00, 0.00
 1011.00, 0.00
 1012.00, 0.00
 1015.00, 0.00
 1021.00, 0.00
 1022.00, 0.00
 1025.00, 0.00
 1031.00, 0.00
 1032.00, 0.00
 1035.00, 0.00
 1041.00, 0.00
 1042.00, 0.00
 1045.00, 0.00
 1051.00, 0.00
 1052.00, 0.00
 1055.00, 0.00
 1061.00, 0.00
 1062.00, 0.00
 1065.00, 0.00
 1071.00, 0.00
 1072.00, 0.00
 1075.00, 0.00
 1081.00, 0.00
 1085.00, 0.00
 1091.00, 0.00
 1092.00, 0.00
 1095.00, 0.00
 1101.00, 0.00
 1102.00, 0.00
 1105.00, 0.00
 1111.00, 0.00
 1112.00, 0.00
 1115.00, 0.00
 1121.00, 0.00
 1122.00, 0.00
 1125.00, 0.00
 1131.00, 0.00
 1132.00, 0.00
 1135.00, 0.00
 1141.00, 0.00
 1142.00, 0.00
 1145.00, 0.00
 1151.00, 0.00
 1152.00, 0.00
 1155.00, 0.00
 1161.00, 0.00
 1162.00, 0.00
 1165.00, 0.00
 1171.00, 0.00
 1172.00, 0.00
 1175.00, 0.00
 1181.00, 0.00
 1182.00, 0.00
 1185.00, 0.00
 1191.00, 0.00
 1192.00, 0.00
 1195.00, 0.00
 1201.00, 0.00
 1202.00, 0.00
 1205.00, 0.00
 1211.00, 0.00
 1212.00, 0.00
 1215.00, 0.00
 1221.00, 0.00
 1225.00, 0.00
 1231.00, 0.00
 1232.00, 0.00
 1241.00, 0.00
 1242.00, 0.00
 1245.00, 0.00
 1251.00, 0.00
 1252.00, 0.00
 1261.00, 0.00
 1265.00, 0.00
 1271.00, 0.00
 1272.00, 0.00
 1275.00, 0.00
 1281.00, 0.00
 1282.00, 0.00
 1285.00, 0.00
 1291.00, 0.00
 1292.00, 0.00
 1295.00, 0.00
 1301.00, 0.00
 1302.00, 0.00
 1311.00, 0.00
 1321.00, 0.00
 1322.00, 0.00
 1325.00, 0.00
 1331.00, 0.00
 1332.00, 0.00
 1341.00, 0.00
 1351.00, 0.00
 1361.00, 0.00
 1362.00, 0.00
 1365.00, 0.00
 1371.00, 0.00
 1381.00, 0.00
 1382.00, 0.00
 1385.00, 0.00
 1391.00, 0.00
 1395.00, 0.00
 1401.00, 0.00
 1402.00, 0.00
 1405.00, 0.00
 1411.00, 0.02
 1412.00, 0.00
 1415.00, 0.00
 1421.00, 0.00
 1425.00, 0.00
 1431.00, 0.00
 1432.00, 0.00
 1435.00, 0.00
 1441.00, 0.09
 1442.00, 0.00
 1445.00, 0.00
 1451.00, 0.00
 1452.00, 0.00
 1455.00, 0.00
 1461.00, 0.00
 1462.00, 0.00
 1465.00, 0.00
 1481.00, 0.00
 1482.00, 0.00
 1485.00, 0.00
 1491.00, 0.00
 1492.00, 0.00
 1495.00, 0.00
 1502.00, 0.00
 1505.00, 0.00
 1511.00, 0.00
 1512.00, 0.00
 1515.00, 0.00
 1521.00, 0.00
 1522.00, 0.00
 1525.00, 0.00
 1531.00, 0.00
 1541.00, 0.00
 1542.00, 0.00
 1545.00, 0.00
 1551.00, 0.00
 1552.00, 0.00
 1561.00, 0.00
 1562.00, 0.00
 1565.00, 0.00
 1571.00, 0.00
 1572.00, 0.00
 1581.00, 0.00
 1582.00, 0.00
 1585.00, 0.00
 1592.00, 0.00
 1601.00, 0.00
 1602.00, 0.00
 1605.00, 0.00
 1611.00, 0.00
 1612.00, 0.00
 1615.00, 0.00
 1622.00, 0.00
 1631.00, 0.00
 1632.00, 0.00
 1635.00, 0.00
 1642.00, 0.00
 1645.00, 0.00
 1652.00, 0.00
 1655.00, 0.00
 1661.00, 0.00
 1662.00, 0.00
 1665.00, 0.00
 1671.00, 0.00
 1682.00, 0.00
 1685.00, 0.00
 1692.00, 0.00
 1701.00, 0.00
 1712.00, 0.00
 1721.00, 0.00
 1722.00, 0.00
 1725.00, 0.00
 1731.00, 0.00
 1732.00, 0.00
 1741.00, 0.00
 1761.00, 0.00
 1771.00, 0.00
 1772.00, 0.00
 1775.00, 0.00
 1781.00, 0.00
 1782.00, 0.00
 1785.00, 0.00
 1801.00, 0.00
 1802.00, 0.00
 1805.00, 0.00
 1811.00, 0.00
 1812.00, 0.00
 1815.00, 0.00
 1825.00, 0.00
 1831.00, 0.00
 1832.00, 0.00
 1835.00, 0.00
 1841.00, 0.00
 1842.00, 0.00
 1845.00, 0.00
 1851.00, 0.00
 1852.00, 0.00
 1855.00, 0.00
 1865.00, 0.00
 1871.00, 0.00
 1872.00, 0.00
 1875.00, 0.00
 1881.00, 0.00
 1882.00, 0.00
 1885.00, 0.00
 1891.00, 0.00
 1895.00, 0.00
 1901.00, 0.00
 1902.00, 0.00
 1905.00, 0.00
 1911.00, 0.00
 1912.00, 0.00
 1915.00, 0.00
 1921.00, 0.00
 1922.00, 0.00
 1925.00, 0.00
 1931.00, 0.00
 1932.00, 0.00
 1935.00, 0.00
 1942.00, 0.00
 1952.00, 0.00
 1961.00, 0.00
 1962.00, 0.00
 1965.00, 0.00
 1971.00, 0.00
 1972.00, 0.00
 1975.00, 0.00
 1985.00, 0.00
 2001.00, 0.00
 2002.00, 0.00
 2005.00, 0.00
 2011.00, 0.00
 2012.00, 0.00
 2015.00, 0.00
 2021.00, 0.00
 2022.00, 0.00
 2025.00, 0.00
 2032.00, 0.00
 2041.00, 0.00
 2042.00, 0.00
 2045.00, 0.00
 2051.00, 0.00
 2061.00, 0.00
 2071.00, 0.00
 2072.00, 0.00
 2082.00, 0.00
 2101.00, 0.00
 2105.00, 0.00
 2122.00, 0.00
 2125.00, 0.00
 2132.00, 0.00
 2141.00, 0.00
 2142.00, 0.00
 2151.00, 0.00
 2152.00, 0.00
 2155.00, 0.00
 2161.00, 0.00
 2165.00, 0.00
 2171.00, 0.00
 2172.00, 0.00
 2182.00, 0.00
 2191.00, 0.00
 2192.00, 0.00
 2202.00, 0.00
 2205.00, 0.00
 2221.00, 0.00
 2222.00, 0.00
 2225.00, 0.00
 2231.00, 0.00
 2235.00, 0.00
 2241.00, 0.00
 2242.00, 0.00
 2255.00, 0.00
 2261.00, 0.00
 2265.00, 0.00
 2271.00, 0.00
 2272.00, 0.00
 2275.00, 0.00
 2291.00, 0.00
 2301.00, 0.00
 2305.00, 0.00
 2311.00, 0.00
 2312.00, 0.00
 2315.00, 0.00
 2321.00, 0.00
 2322.00, 0.00
 2325.00, 0.00
 2331.00, 0.00
 2332.00, 0.00
 2341.00, 0.00
 2342.00, 0.00
 2351.00, 0.00
 2355.00, 0.00
 2361.00, 0.00
 2365.00, 0.00
 2371.00, 0.00
 2381.00, 0.00
 2382.00, 0.00
 2385.00, 0.00
 2391.00, 0.00
 2392.00, 0.00
 2395.00, 0.00
 2401.00, 0.00
 2402.00, 0.00
 2405.00, 0.00
 2411.00, 0.00
 2412.00, 0.00
 2421.00, 0.00
 2422.00, 0.00
 2425.00, 0.00
 2431.00, 0.00
 2441.00, 0.00
 2445.00, 0.00
 2451.00, 0.00
 2452.00, 0.00
 2455.00, 0.00
 2461.00, 0.00
 2462.00, 0.00
 2465.00, 0.00
 2471.00, 0.00
 2472.00, 0.00
 2475.00, 0.00
 2481.00, 0.00
 2482.00, 0.00
 2485.00, 0.00
 2491.00, 0.00
 2492.00, 0.00
 2501.00, 0.00
 2502.00, 0.00
 2505.00, 0.00
 2511.00, 0.00
 2512.00, 0.00
 2521.00, 0.00
 2522.00, 0.00
 2525.00, 0.00
 2531.00, 0.00
 2532.00, 0.00
 2535.00, 0.00
 2541.00, 0.00
 2542.00, 0.00
 2545.00, 0.00
 2551.00, 0.00
 2552.00, 0.00
 2561.00, 0.00
 2562.00, 0.00
 2565.00, 0.00
 2571.00, 0.00
 2581.00, 0.00
 2582.00, 0.00
 2585.00, 0.00
 2591.00, 0.00
 2592.00, 0.00
 2601.00, 0.00
 2602.00, 0.00
 2605.00, 0.00
 2611.00, 0.00
 2612.00, 0.00
 2615.00, 0.00
 2621.00, 0.00
 2622.00, 0.00
 2631.00, 0.00
 2641.00, 0.00
 2642.00, 0.00
 2645.00, 0.00
 2651.00, 0.00
 2652.00, 0.00
 2655.00, 0.00
 2661.00, 0.00
 2662.00, 0.00
 2665.00, 0.00
 2672.00, 0.00
 2675.00, 0.00
 2681.00, 0.00
 2682.00, 0.00
 2685.00, 0.00
 2691.00, 0.00
 2701.00, 0.00
 2702.00, 0.00
 2705.00, 0.00
 2711.00, 0.00
 2715.00, 0.00
 2721.00, 0.00
 2722.00, 0.00
 2725.00, 0.00
 2731.00, 0.00
 2741.00, 0.00
 2742.00, 0.00
 2745.00, 0.00
 2751.00, 0.00
 2752.00, 0.00
 2755.00, 0.00
 2761.00, 0.00
 2762.00, 0.00
 2765.00, 0.00
 2771.00, 0.00
 2775.00, 0.00
 2781.00, 0.00
 2782.00, 0.00
 2785.00, 0.00
 2791.00, 0.00
 2792.00, 0.00
 2795.00, 0.00
 2801.00, 0.00
 2802.00, 0.00
 2811.00, 0.00
 2812.00, 0.00
 2815.00, 0.00
 2821.00, 0.00
 2822.00, 0.00
 2831.00, 0.00
 2832.00, 0.00
 2841.00, 0.00
 2842.00, 0.00
 2845.00, 0.00
 2851.00, 0.00
 2855.00, 0.00
 2861.00, 0.00
 2862.00, 0.00
 2865.00, 0.00
 2871.00, 0.00
 2872.00, 0.00
 2875.00, 0.00
 2881.00, 0.00
 2882.00, 0.00
 2885.00, 0.00
 2891.00, 0.00
 2892.00, 0.00
 2895.00, 0.00
 2901.00, 0.00
 2902.00, 0.00
 2905.00, 0.00
 2911.00, 0.00
 2912.00, 0.00
 2921.00, 0.00
 2925.00, 0.00
 2932.00, 0.00
 2941.00, 0.00
 2952.00, 0.00
 2961.00, 0.00
 2965.00, 0.00
 2971.00, 0.00
 2975.00, 0.00
 2981.00, 0.00
 2982.00, 0.00
 2985.00, 0.00
 2991.00, 0.00
 2995.00, 0.00
 3001.00, 0.00
 3002.00, 0.00
 3005.00, 0.00
 3011.00, 0.00
 3015.00, 0.00
 3022.00, 0.00
 3031.00, 0.00
 3032.00, 0.00
 3041.00, 0.00
 3042.00, 0.00
 3051.00, 0.00
 3052.00, 0.00
 3061.00, 0.00
 3062.00, 0.00
 3071.00, 0.00
 3072.00, 0.00
 3082.00, 0.00
 3085.00, 0.00
 3091.00, 0.00
 3092.00, 0.00
 3111.00, 0.00
 3112.00, 0.00
 3115.00, 0.00
 3121.00, 0.00
 3122.00, 0.00
 3125.00, 0.00
 3131.00, 0.00
 3132.00, 0.00
 3142.00, 0.00
 3151.00, 0.00
 3152.00, 0.00
 3155.00, 0.00
 3161.00, 0.00
 3162.00, 0.00
 3171.00, 0.00
 3172.00, 0.00
 3181.00, 0.00
 3182.00, 0.00
 3191.00, 0.00
 3192.00, 0.00
 3195.00, 0.00
 3201.00, 0.00
 3202.00, 0.00
 3205.00, 0.00
 3211.00, 0.00
 3212.00, 0.00
 3215.00, 0.00
 3221.00, 0.00
 3225.00, 0.00
 3231.00, 0.00
 3232.00, 0.00
 3235.00, 0.00
 3241.00, 0.00
 3245.00, 0.00
 3251.00, 0.00
 3261.00, 0.00
 3262.00, 0.00
 3265.00, 0.00
 3271.00, 0.00
 3272.00, 0.00
 3275.00, 0.00
 3281.00, 0.00
 3282.00, 0.00
 3285.00, 0.00
 3292.00, 0.00
 3295.00, 0.00
 3301.00, 0.00
 3302.00, 0.00
 3305.00, 0.00
 3311.00, 0.00
 3312.00, 0.00
 3315.00, 0.00
 3321.00, 0.00
 3322.00, 0.00
 3325.00, 0.00
 3342.00, 0.00
 3351.00, 0.00
 3352.00, 0.00
 3361.00, 0.00
 3362.00, 0.00
 3365.00, 0.00
 3372.00, 0.00
 3375.00, 0.00
 3381.00, 0.00
 3382.00, 0.00
 3385.00, 0.00
 3391.00, 0.00
 3392.00, 0.00
 3395.00, 0.00
 3402.00, 0.00
 3405.00, 0.00
 3411.00, 0.00
 3412.00, 0.00
 3421.00, 0.00
 3422.00, 0.00
 3425.00, 0.00
 3431.00, 0.00
 3432.00, 0.00
 3435.00, 0.00
 3442.00, 0.00
 3445.00, 0.00
 3451.00, 0.00
 3452.00, 0.00
 3461.00, 0.00
 3471.00, 0.00
 3481.00, 0.00
 3482.00, 0.00
 3511.00, 0.00
 3512.00, 0.00
 3515.00, 0.00
 3521.00, 0.00
 3525.00, 0.00
 3531.00, 0.00
 3532.00, 0.00
 3535.00, 0.00
 3541.00, 0.00
 3572.00, 0.00
 3582.00, 0.00
 3591.00, 0.00
 3602.00, 0.00
 3605.00, 0.00
 3611.00, 0.00
 3621.00, 0.00
 3622.00, 0.00
 3625.00, 0.00
 3631.00, 0.00
 3641.00, 0.00
 3642.00, 0.00
 3645.00, 0.00
 3651.00, 0.00
 3661.00, 0.00
 3665.00, 0.00
 3671.00, 0.00
 3672.00, 0.00
 3675.00, 0.00
 3681.00, 0.00
 3682.00, 0.00
 3691.00, 0.00
 3692.00, 0.00
 3701.00, 0.00
 3702.00, 0.00
 3705.00, 0.00
 3711.00, 0.00
 3712.00, 0.00
 3721.00, 0.00
 3722.00, 0.00
 3732.00, 0.00
 3735.00, 0.00
 3741.00, 0.00
 3742.00, 0.00
 3752.00, 0.00
 3761.00, 0.00
 3762.00, 0.00
 3765.00, 0.00
 3771.00, 0.00
 3772.00, 0.00
 3781.00, 0.00
 3782.00, 0.00
 3785.00, 0.00
 3791.00, 0.00
 3801.00, 0.00
 3802.00, 0.00
 3811.00, 0.00
 3812.00, 0.00
 3821.00, 0.00
 3822.00, 0.00
 3831.00, 0.00
 3832.00, 0.00
 3841.00, 0.00
 3842.00, 0.00
 3845.00, 0.00
 3851.00, 0.00
 3852.00, 0.00
 3861.00, 0.00
 3865.00, 0.00
 3871.00, 0.00
 3872.00, 0.00
 3875.00, 0.00
 3881.00, 0.00
 3885.00, 0.00
 3891.00, 0.00
 3892.00, 0.00
 3901.00, 0.00
 3902.00, 0.00
 3911.00, 0.00
 3921.00, 0.00
 3922.00, 0.00
 3931.00, 0.00
 3932.00, 0.00
 3941.00, 0.00
 3942.00, 0.00
 3945.00, 0.00
 3951.00, 0.00
 3952.00, 0.00
 3961.00, 0.00
 3962.00, 0.00
 3965.00, 0.00
 3971.00, 0.00
 3972.00, 0.00
 3981.00, 0.00
 3991.00, 0.00
 4001.00, 0.00
 4011.00, 0.00
 4022.00, 0.00
 4031.00, 0.00
 4041.00, 0.00
 4042.00, 0.00
 4045.00, 0.00
 4051.00, 0.00
 4055.00, 0.00
 4061.00, 0.00
 4062.00, 0.00
 4072.00, 0.00
 4075.00, 0.00
 4082.00, 0.00
 4085.00, 0.00
 4091.00, 0.00
 4092.00, 0.00
 4095.00, 0.00
 4101.00, 0.00
 4105.00, 0.00
 4111.00, 0.00
 4112.00, 0.00
 4115.00, 0.00
 4121.00, 0.00
 4122.00, 0.00
 4132.00, 0.00
 4135.00, 0.00
 4141.00, 0.00
 4142.00, 0.00
 4145.00, 0.00
 4155.00, 0.00
 4161.00, 0.00
 4162.00, 0.00
 4165.00, 0.00
 4171.00, 0.00
 4172.00, 0.00
 4175.00, 0.00
 4181.00, 0.00
 4182.00, 0.00
 4185.00, 0.00
 4191.00, 0.00
 4192.00, 0.00
 4195.00, 0.00
 4201.00, 0.00
 4202.00, 0.00
 4205.00, 0.00
 4211.00, 0.00
 4212.00, 0.00
 4215.00, 0.00
 4222.00, 0.00
 4225.00, 0.00
 4231.00, 0.00
 4232.00, 0.00
 4235.00, 0.00
 4241.00, 0.00
 4242.00, 0.00
 4245.00, 0.00
 4251.00, 0.00
 4252.00, 0.00
 4262.00, 0.00
 4275.00, 0.00
 4281.00, 0.00
 4282.00, 0.00
 4285.00, 0.00
 4292.00, 0.00
 4295.00, 0.00
 4301.00, 0.00
 4311.00, 0.00
 4315.00, 0.00
 4322.00, 0.00
 4331.00, 0.00
 4335.00, 0.00
 4341.00, 0.00
 4342.00, 0.00
 4345.00, 0.00
 4351.00, 0.00
 4355.00, 0.00
 4361.00, 0.00
 4362.00, 0.00
 4371.00, 0.00
 4372.00, 0.00
 4375.00, 0.00
 4381.00, 0.00
 4382.00, 0.00
 4385.00, 0.00
 4392.00, 0.00
 4395.00, 0.00
 4401.00, 0.00
 4402.00, 0.00
 4405.00, 0.00
 4411.00, 0.00
 4412.00, 0.00
 4421.00, 0.00
 4422.00, 0.00
 4431.00, 0.00
 4441.00, 0.00
 4445.00, 0.00
 4451.00, 0.00
 4455.00, 0.00
 4465.00, 0.00
 4471.00, 0.00
 4482.00, 0.00
 4491.00, 0.00
 4492.00, 0.00
 4501.00, 0.00
 4502.00, 0.00
 4505.00, 0.00
 4511.00, 0.00
 4512.00, 0.00
 4515.00, 0.00
 4522.00, 0.00
 4525.00, 0.00
 4531.00, 0.00
 4535.00, 0.00
 4541.00, 0.00
 4542.00, 0.00
 4545.00, 0.00
 4561.00, 0.00
 4562.00, 0.00
 4565.00, 0.00
 4571.00, 0.00
 4575.00, 0.00
 4581.00, 0.00
 4582.00, 0.00
 4595.00, 0.00
 4602.00, 0.00
 4605.00, 0.00
 4611.00, 0.00
 4612.00, 0.00
 4615.00, 0.00
 4621.00, 0.00
 4622.00, 0.00
 4651.00, 0.00
 4652.00, 0.00
 4655.00, 0.00
 4662.00, 0.00
 4671.00, 0.00
 4675.00, 0.00
 4681.00, 0.00
 4682.00, 0.00
 4685.00, 0.00
 4692.00, 0.00
 4695.00, 0.00
 4701.00, 0.00
 4705.00, 0.00
 4711.00, 0.00
 4715.00, 0.00
 4721.00, 0.00
 4722.00, 0.00
 4731.00, 0.00
 4732.00, 0.00
 4741.00, 0.00
 4742.00, 0.00
 4745.00, 0.00
 4752.00, 0.00
 4761.00, 0.00
 4762.00, 0.00
 4765.00, 0.00
 4781.00, 0.00
 4791.00, 0.00
 4792.00, 0.00
 4801.00, 0.00
 4811.00, 0.00
 4812.00, 0.00
 4822.00, 0.00
 4825.00, 0.00
 4831.00, 0.00
 4832.00, 0.00
 4835.00, 0.00
 4841.00, 0.00
 4845.00, 0.00
 4852.00, 0.00
 4861.00, 0.00
 4862.00, 0.00
 4871.00, 0.00
 4881.00, 0.00
 4882.00, 0.00
 4891.00, 0.00
 4892.00, 0.00
 4902.00, 0.00
 4911.00, 0.00
 4931.00, 0.00
 4941.00, 0.00
 4942.00, 0.00
 4951.00, 0.00
 4952.00, 0.00
 4962.00, 0.00
 4972.00, 0.00
 4985.00, 0.00
 4992.00, 0.00
 4995.00, 0.00
 5002.00, 0.00
 5005.00, 0.00
 5022.00, 0.00
 5032.00, 0.00
 5041.00, 0.00
 5042.00, 0.00
 5051.00, 0.00
 5052.00, 0.00
 5062.00, 0.00
 5082.00, 0.00
 5101.00, 0.00
 5102.00, 0.00
 5105.00, 0.00
 5111.00, 0.00
 5122.00, 0.00
 5125.00, 0.00
 5132.00, 0.00
 5135.00, 0.00
 5145.00, 0.00
 5151.00, 0.00
 5161.00, 0.00
 5162.00, 0.00
 5165.00, 0.00
 5172.00, 0.00
 5181.00, 0.00
 5185.00, 0.00
 5192.00, 0.00
 5201.00, 0.00
 5202.00, 0.00
 5205.00, 0.00
 5211.00, 0.00
 5231.00, 0.00
 5235.00, 0.00
 5251.00, 0.00
 5252.00, 0.00
 5255.00, 0.00
 5261.00, 0.00
 5265.00, 0.00
 5272.00, 0.00
 5282.00, 0.00
 5291.00, 0.00
 5301.00, 0.00
 5311.00, 0.00
 5322.00, 0.00
 5331.00, 0.00
 5345.00, 0.00
 5351.00, 0.00
 5352.00, 0.00
 5362.00, 0.00
 5385.00, 0.00
 5391.00, 0.00
 5392.00, 0.00
 5395.00, 0.00
 5401.00, 0.00
 5402.00, 0.00
 5405.00, 0.00
 5411.00, 0.00
 5412.00, 0.00
 5421.00, 0.00
 5422.00, 0.00
 5425.00, 0.00
 5432.00, 0.00
 5441.00, 0.00
 5451.00, 0.00
 5455.00, 0.00
 5462.00, 0.00
 5465.00, 0.00
 5472.00, 0.00
 5475.00, 0.00
 5482.00, 0.00
 5492.00, 0.00
 5502.00, 0.00
 5511.00, 0.00
 5521.00, 0.00
 5522.00, 0.00
 5532.00, 0.00
 5541.00, 0.00
 5561.00, 0.00
 5562.00, 0.00
 5565.00, 0.00
 5581.00, 0.00
 5582.00, 0.00
 5585.00, 0.00
 5601.00, 0.00
 5602.00, 0.00
 5605.00, 0.00
 5611.00, 0.00
 5615.00, 0.00
 5621.00, 0.00
 5631.00, 0.00
 5632.00, 0.00
 5635.00, 0.00
 5652.00, 0.00
 5655.00, 0.00
 5661.00, 0.00
 5662.00, 0.00
 5672.00, 0.00
 5675.00, 0.00
 5681.00, 0.00
 5682.00, 0.00
 5692.00, 0.00
 5712.00, 0.00
 5735.00, 0.00
 5741.00, 0.00
 5762.00, 0.00
 5772.00, 0.00
 5782.00, 0.00
 5821.00, 0.00
 5822.00, 0.00
 5825.00, 0.00
 5831.00, 0.00
 5832.00, 0.00
 5841.00, 0.00
 5842.00, 0.00
 5861.00, 0.00
 5862.00, 0.00
 5865.00, 0.00
 5871.00, 0.00
 5882.00, 0.00
 5885.00, 0.00
 5891.00, 0.00
 5892.00, 0.00
 5895.00, 0.00
 5901.00, 0.00
 5902.00, 0.00
 5905.00, 0.00
 5911.00, 0.00
 5912.00, 0.00
 5915.00, 0.00
 5925.00, 0.00
 5931.00, 0.00
 5932.00, 0.00
 5935.00, 0.00
 5941.00, 0.00
 5942.00, 0.00
 5945.00, 0.00
 5951.00, 0.00
 5952.00, 0.00
 5955.00, 0.00
 5962.00, 0.00
 5965.00, 0.00
 5972.00, 0.00
 5975.00, 0.00
 5982.00, 0.00
 5985.00, 0.00
 6001.00, 0.00
 6005.00, 0.00
 6015.00, 0.00
 6032.00, 0.00
 6055.00, 0.00
 6065.00, 0.00
 6072.00, 0.00
 6075.00, 0.00
 6085.00, 0.00
 6095.00, 0.00
 6105.00, 0.00
 6115.00, 0.00
 6121.00, 0.00
 6122.00, 0.00
 6125.00, 0.00
 6135.00, 0.00
 6142.00, 0.00
 6145.00, 0.00
 6161.00, 0.00
 6162.00, 0.00
 6165.00, 0.00
 6182.00, 0.00
 6195.00, 0.00
 6232.00, 0.00
 6235.00, 0.00
 6245.00, 0.00
 6252.00, 0.00
 6255.00, 0.00
 6262.00, 0.00
 6272.00, 0.00
 6275.00, 0.00
 6285.00, 0.00
 6302.00, 0.00
 6311.00, 0.00
 6322.00, 0.00
 6365.00, 0.00
 6402.00, 0.00
 6411.00, 0.00
 6415.00, 0.00
 6422.00, 0.00
 6452.00, 0.00
 6462.00, 0.00
 6545.00, 0.00
 6552.00, 0.00
 6562.00, 0.00
 6582.00, 0.00
 6592.00, 0.00
 6595.00, 0.00
 6611.00, 0.00
 6622.00, 0.00
 6632.00, 0.00
 6651.00, 0.00
 6652.00, 0.00
 6681.00, 0.00
 6682.00, 0.00
 6702.00, 0.00
 6711.00, 0.00
 6722.00, 0.00
 6732.00, 0.00
 6742.00, 0.00
 6755.00, 0.00
 6762.00, 0.00
 6785.00, 0.00
 6811.00, 0.00
 6812.00, 0.00
 6815.00, 0.00
 6832.00, 0.00
 6845.00, 0.00
 6872.00, 0.00
 6875.00, 0.00
 6882.00, 0.00
 6892.00, 0.00
 6911.00, 0.00
 6922.00, 0.00
 6925.00, 0.00
 6962.00, 0.00
 6972.00, 0.00
 6975.00, 0.00
 7011.00, 0.00
 7015.00, 0.00
 7022.00, 0.00
 7025.00, 0.00
 7035.00, 0.00
 7081.00, 0.00
 7082.00, 0.00
 7085.00, 0.00
 7092.00, 0.00
 7102.00, 0.00
 7105.00, 0.00
 7111.00, 0.00
 7112.00, 0.00
 7142.00, 0.00
 7145.00, 0.00
 7182.00, 0.00
 7185.00, 0.00
 7192.00, 0.00
 7202.00, 0.00
 7211.00, 0.00
 7222.00, 0.00
 7225.00, 0.00
 7232.00, 0.00
 7235.00, 0.00
 7262.00, 0.00
 7285.00, 0.00
 7311.00, 0.00
 7315.00, 0.00
 7322.00, 0.00
 7362.00, 0.00
 7392.00, 0.00
 7411.00, 0.00
 7461.00, 0.00
 7462.00, 0.00
 7465.00, 0.00
 7472.00, 0.00
 7511.00, 0.00
 7532.00, 0.00
 7552.00, 0.00
 7602.00, 0.00
 7611.00, 0.02
 7615.00, 0.00
 7622.00, 0.00
 7642.00, 0.00
 7645.00, 0.00
 7671.00, 0.00
 7672.00, 0.00
 7681.00, 0.00
 7682.00, 0.00
 7685.00, 0.00
 7711.00, 0.00
 7722.00, 0.00
 7732.00, 0.00
 7735.00, 0.00
 7745.00, 0.00
 7752.00, 0.00
 7755.00, 0.00
 7792.00, 0.00
 7802.00, 0.00
 7811.00, 0.00
 7835.00, 0.00
 7862.00, 0.00
 7882.00, 0.00
 7911.00, 0.00
 7915.00, 0.00
 7932.00, 0.00
 7961.00, 0.00
 7962.00, 0.00
 7972.00, 0.00
 7982.00, 0.00
 8011.00, 0.00
 8032.00, 0.00
 8075.00, 0.00
 8092.00, 0.00
 8111.00, 0.00
 8112.00, 0.00
 8122.00, 0.00
 8125.00, 0.00
 8155.00, 0.00
 8182.00, 0.00
 8211.00, 0.01
 8222.00, 0.00
 8235.00, 0.00
 8241.00, 0.00
 8262.00, 0.00
 8272.00, 0.00
 8311.00, 0.00
 8312.00, 0.00
 8322.00, 0.00
 8362.00, 0.00
 8392.00, 0.00
 8405.00, 0.00
 8411.00, 0.02
 8441.00, 0.00
 8442.00, 0.00
 8445.00, 0.00
 8452.00, 0.00
 8465.00, 0.00
 8472.00, 0.00
 8475.00, 0.00
 8482.00, 0.00
 8485.00, 0.00
 8511.00, 0.00
 8522.00, 0.00
 8542.00, 0.00
 8545.00, 0.00
 8562.00, 0.00
 8572.00, 0.00
 8575.00, 0.00
 8585.00, 0.00
 8611.00, 0.00
 8692.00, 0.00
 8711.00, 0.00
 8722.00, 0.00
 8745.00, 0.00
 8772.00, 0.00
 8795.00, 0.00
 8811.00, 0.00
 8825.00, 0.00
 8832.00, 0.00
 8835.00, 0.00
 8875.00, 0.00
 8911.00, 0.00
 8922.00, 0.00
 8992.00, 0.00
 8995.00, 0.00
 9011.00, 0.00
 9015.00, 0.00
 9032.00, 0.00
 9035.00, 0.00
 9072.00, 0.00
 9082.00, 0.00
 9105.00, 0.00
 9111.00, 0.00
 9112.00, 0.00
 9132.00, 0.00
 9172.00, 0.00
 9211.00, 0.00
 9212.00, 0.00
 9235.00, 0.00
 9282.00, 0.00
 9285.00, 0.00
 9311.00, 0.00
 9335.00, 0.00
 9342.00, 0.00
 9365.00, 0.00
 9372.00, 0.00
 9375.00, 0.00
 9411.00, 0.00
 9505.00, 0.00
 9511.00, 0.00
 9611.00, 0.01
 9615.00, 0.00
 9625.00, 0.00
 9642.00, 0.00
 9662.00, 0.00
 9672.00, 0.00
 9685.00, 0.00
 9705.00, 0.00
 9711.00, 0.00
 9712.00, 0.00
 9745.00, 0.00
 9751.00, 0.00
 9781.00, 0.00
 9811.00, 0.00
 9911.00, 0.00
 9955.00, 0.00
 9972.00, 0.00
 9995.00, 0.00
10002.00, 0.00
10011.00, 0.00
10045.00, 0.00
10111.00, 0.00
10145.00, 0.00
10182.00, 0.00
10201.00, 0.00
10211.00, 0.00
10265.00, 0.00
10285.00, 0.00
10305.00, 0.00
10311.00, 0.00
10365.00, 0.00
10395.00, 0.00
10411.00, 0.00
10425.00, 0.00
10462.00, 0.00
10465.00, 0.00
10511.00, 0.00
10555.00, 0.00
10605.00, 0.00
10611.00, 0.00
10662.00, 0.00
10705.00, 0.00
10711.00, 0.00
10775.00, 0.00
10805.00, 0.00
10811.00, 0.00
10842.00, 0.00
10845.00, 0.00
10875.00, 0.00
10885.00, 0.00
10892.00, 0.00
10895.00, 0.00
10905.00, 0.00
10911.00, 0.00
10922.00, 0.00
10945.00, 0.00
10955.00, 0.00
10965.00, 0.00
11011.00, 0.00
11111.00, 0.00
11165.00, 0.00
11175.00, 0.00
11211.00, 0.00
11241.00, 0.00
11242.00, 0.00
11245.00, 0.00
11311.00, 0.00
11315.00, 0.00
11411.00, 0.00
11455.00, 0.00
11472.00, 0.00
11475.00, 0.00
11511.00, 0.00
11555.00, 0.00
11572.00, 0.00
11611.00, 0.00
11625.00, 0.00
11631.00, 0.00
11632.00, 0.00
11635.00, 0.00
11645.00, 0.00
11655.00, 0.00
11711.00, 0.00
11715.00, 0.00
11811.00, 0.00
11812.00, 0.00
11815.00, 0.00
11875.00, 0.00
11911.00, 0.00
11965.00, 0.00
12011.00, 0.00
12055.00, 0.00
12111.00, 0.00
12162.00, 0.00
12172.00, 0.00
12211.00, 0.00
12225.00, 0.00
12255.00, 0.00
12311.00, 0.00
12372.00, 0.00
12411.00, 0.00
12425.00, 0.00
12442.00, 0.00
12445.00, 0.00
12511.00, 0.00
12522.00, 0.00
12525.00, 0.00
12535.00, 0.00
12552.00, 0.00
12555.00, 0.00
12611.00, 0.00
12711.00, 0.00
12775.00, 0.00
12791.00, 0.00
12792.00, 0.00
12795.00, 0.00
12811.00, 0.00
12871.00, 0.00
12872.00, 0.00
12875.00, 0.00
12882.00, 0.00
12885.00, 0.00
12911.00, 0.00
13011.00, 0.00
13045.00, 0.00
13081.00, 0.00
13082.00, 0.00
13085.00, 0.00
13102.00, 0.00
13105.00, 0.00
13111.00, 0.00
13211.00, 0.00
13262.00, 0.00
13311.00, 0.00
13322.00, 0.00
13342.00, 0.00
13345.00, 0.00
13355.00, 0.00
13361.00, 0.00
13362.00, 0.00
13365.00, 0.00
13385.00, 0.00
13411.00, 0.00
13475.00, 0.00
13511.00, 0.00
13525.00, 0.00
13535.00, 0.00
13602.00, 0.00
13605.00, 0.00
13611.00, 0.00
13685.00, 0.00
13705.00, 0.00
13711.00, 0.00
13725.00, 0.00
13765.00, 0.00
13811.00, 0.00
13835.00, 0.00
13865.00, 0.00
13882.00, 0.00
13905.00, 0.00
13911.00, 0.00
14011.00, 0.00
14055.00, 0.00
14111.00, 0.00
14112.00, 0.00
14142.00, 0.00
14211.00, 0.00
14245.00, 0.00
14311.00, 0.00
14362.00, 0.00
14411.00, 0.00
14511.00, 0.00
14565.00, 0.00
14611.00, 0.00
14622.00, 0.00
14685.00, 0.00
14711.00, 0.00
14811.00, 0.00
14881.00, 0.00
14882.00, 0.00
14885.00, 0.00
14905.00, 0.00
14911.00, 0.00
14971.00, 0.00
14995.00, 0.00
15005.00, 0.00
15011.00, 0.00
15015.00, 0.00
15061.00, 0.00
15062.00, 0.00
15065.00, 0.00
15082.00, 0.00
15085.00, 0.00
15092.00, 0.00
15105.00, 0.00
15111.00, 0.00
15211.00, 0.00
15275.00, 0.00
15281.00, 0.00
15282.00, 0.00
15285.00, 0.00
15305.00, 0.00
15311.00, 0.00
15361.00, 0.00
15362.00, 0.00
15365.00, 0.00
15411.00, 0.00
15511.00, 0.00
15611.00, 0.00
15711.00, 0.00
15811.00, 0.00
15911.00, 0.00
16011.00, 0.00
16111.00, 0.00
16211.00, 0.00
16311.00, 0.00
16411.00, 0.00
16511.00, 0.00
16611.00, 0.00
16711.00, 0.00
16811.00, 0.00
16911.00, 0.00
17011.00, 0.00
17111.00, 0.00
17211.00, 0.00
17311.00, 0.00
17411.00, 0.00
17511.00, 0.00
17611.00, 0.00
17711.00, 0.00
17811.00, 0.00
17911.00, 0.00
18011.00, 0.00
18111.00, 0.00
18211.00, 0.00
18311.00, 0.00
18411.00, 0.00
18511.00, 0.00
18611.00, 0.00
18711.00, 0.00
18811.00, 0.00
18911.00, 0.00
19011.00, 0.00
19111.00, 0.00
19211.00, 0.00
19311.00, 0.00
19411.00, 0.00
19511.00, 0.00
19611.00, 0.00
19711.00, 0.00
19811.00, 0.00
19911.00, 0.00
20011.00, 0.00
20111.00, 0.00
20211.00, 0.00
20311.00, 0.00
20411.00, 0.00
20511.00, 0.00
20611.00, 0.00
20711.00, 0.00
20811.00, 0.00
20911.00, 0.00
21011.00, 0.00
21111.00, 0.00
21211.00, 0.00
21311.00, 0.00
21411.00, 0.00
21511.00, 0.00
21611.00, 0.00
21711.00, 0.00
21811.00, 0.00
21911.00, 0.00
22011.00, 0.00
22111.00, 0.00
22211.00, 0.00
22311.00, 0.00
22411.00, 0.00
22511.00, 0.00
22611.00, 0.00
22711.00, 0.00
22811.00, 0.00
22911.00, 0.00
23011.00, 0.00
23111.00, 0.00
23211.00, 0.00
23311.00, 0.00
23411.00, 0.00
23511.00, 0.00
23611.00, 0.00
23711.00, 0.00
23811.00, 0.00
23911.00, 0.00
24011.00, 0.00
24111.00, 0.00
24211.00, 0.00
24311.00, 0.00
24411.00, 0.00
24511.00, 0.00
24611.00, 0.00
24711.00, 0.00
24811.00, 0.00
24911.00, 0.00
25011.00, 0.00
25111.00, 0.00
25211.00, 0.00
25311.00, 0.00
25411.00, 0.00
25511.00, 0.00
25611.00, 0.00
25711.00, 0.00
25811.00, 0.00
25911.00, 0.00
26011.00, 0.00
26111.00, 0.00
26211.00, 0.00
26311.00, 0.00
26411.00, 0.00
26511.00, 0.00
26611.00, 0.00
26711.00, 0.00
26811.00, 0.00
26911.00, 0.00
27011.00, 0.00
27111.00, 0.00
27211.00, 0.00
27311.00, 0.00
27411.00, 0.00
27511.00, 0.00
27611.00, 0.00
27711.00, 0.00
27811.00, 0.00
27911.00, 0.00
28011.00, 0.00
28111.00, 0.00
28211.00, 0.00
28311.00, 0.00
28411.00, 0.00
28511.00, 0.00
28611.00, 0.00
28711.00, 0.00
28811.00, 0.00
28911.00, 0.00
29011.00, 0.00
29111.00, 0.00
29211.00, 0.00
29311.00, 0.00
29411.00, 0.00
29511.00, 0.00
29611.00, 0.00
29711.00, 0.00
29811.00, 0.00
29911.00, 0.00
30011.00, 0.00
30111.00, 0.00
30211.00, 0.00
30311.00, 0.00
30411.00, 0.00
30511.00, 0.00
30611.00, 0.00
30711.00, 0.00
30811.00, 0.00
30911.00, 0.00
31011.00, 0.00
31111.00, 0.00
31211.00, 0.00
31311.00, 0.00
31411.00, 0.00
31511.00, 0.00
31611.00, 0.00
31711.00, 0.00
31811.00, 0.00
31911.00, 0.00
32011.00, 0.00
32111.00, 0.00
32211.00, 0.00
32311.00, 0.00
32411.00, 0.00
32511.00, 0.00
32611.00, 0.00
32711.00, 0.00
32811.00, 0.00
32911.00, 0.00
33011.00, 0.00
33111.00, 0.00
33211.00, 0.00
33311.00, 0.00
33411.00, 0.00
33511.00, 0.00
33611.00, 0.00
33711.00, 0.00
33811.00, 0.00
33911.00, 0.00
34011.00, 0.00
34111.00, 0.00
34211.00, 0.00
34311.00, 0.00
34411.00, 0.00
34511.00, 0.00
34611.00, 0.00
34711.00, 0.00
34811.00, 0.00
34911.00, 0.00
35011.00, 0.00
35111.00, 0.00
35211.00, 0.00
35311.00, 0.00
35411.00, 0.00
35511.00, 0.00
35611.00, 0.00
35711.00, 0.00
35811.00, 0.00
35911.00, 0.00
36011.00, 0.00
36111.00, 0.00
36211.00, 0.00
36311.00, 0.00
36411.00, 0.00
36511.00, 0.00
36611.00, 0.00
36711.00, 0.00
36811.00, 0.00
36911.00, 0.00
37011.00, 0.00
37111.00, 0.00
37211.00, 0.00
37311.00, 0.00
37411.00, 0.00
37511.00, 0.00
37611.00, 0.00
37711.00, 0.00
37811.00, 0.00
37911.00, 0.00
38011.00, 0.00
38111.00, 0.00
38211.00, 0.00
38311.00, 0.00
38411.00, 0.00
38511.00, 0.00
38611.00, 0.00
38711.00, 0.00
38811.00, 0.00
38911.00, 0.00
39011.00, 0.00
39111.00, 0.00
39211.00, 0.00
39311.00, 0.00
39411.00, 0.00
39511.00, 0.00
39611.00, 0.00
39711.00, 0.00
39811.00, 0.00
39911.00, 0.00
40011.00, 0.00
40111.00, 0.00
40211.00, 0.00
40311.00, 0.00
40411.00, 0.00
40511.00, 0.00
40611.00, 0.00
40711.00, 0.00
40811.00, 0.00
40911.00, 0.00
41011.00, 0.00
41111.00, 0.00
41211.00, 0.00
41311.00, 0.00
41411.00, 0.00
41511.00, 0.00
41611.00, 0.00
41711.00, 0.00
41811.00, 0.00
41911.00, 0.00
42011.00, 0.00
42111.00, 0.00
42211.00, 0.00
42311.00, 0.00
42411.00, 0.00
42511.00, 0.00
42611.00, 0.00
42711.00, 0.00
42811.00, 0.00
42911.00, 0.00
43011.00, 0.00
43111.00, 0.00
43211.00, 0.00
43311.00, 0.00
43411.00, 0.00
43511.00, 0.00
43611.00, 0.00
43711.00, 0.00
43811.00, 0.00
43911.00, 0.00
44011.00, 0.00
44111.00, 0.00
44211.00, 0.00
44311.00, 0.00
44411.00, 0.00
44511.00, 0.00
44611.00, 0.00
44711.00, 0.00
44811.00, 0.00
44911.00, 0.00
45011.00, 0.00
45111.00, 0.00
45211.00, 0.00
45311.00, 0.00
45411.00, 0.00
45511.00, 0.00
45611.00, 0.00
45711.00, 0.00
45811.00, 0.00
45911.00, 0.00
46011.00, 0.00
46111.00, 0.00
46211.00, 0.00
46311.00, 0.00
46411.00, 0.00
46511.00, 0.00
46611.00, 0.00
46711.00, 0.00
46811.00, 0.00
46911.00, 0.00
47011.00, 0.00
47111.00, 0.00
47211.00, 0.00
47311.00, 0.00
47411.00, 0.00
47511.00, 0.00
47611.00, 0.00
47711.00, 0.00
47811.00, 0.00
47911.00, 0.00
48011.00, 0.00
48111.00, 0.00
48211.00, 0.00
48311.00, 0.00
48411.00, 0.00
48511.00, 0.00
48611.00, 0.00
48711.00, 0.00
48811.00, 0.00
48911.00, 0.00
49011.00, 0.00
49111.00, 0.00
49211.00, 0.00
49311.00, 0.00
49411.00, 0.00
49511.00, 0.00
49611.00, 0.00
49711.00, 0.00
49811.00, 0.00
49911.00, 0.00
50011.00, 0.00
50111.00, 0.00
50211.00, 0.00
50311.00, 0.00
50411.00, 0.00
50511.00, 0.00
50611.00, 0.00
50711.00, 0.00
50811.00, 0.00
50911.00, 0.00
51011.00, 0.00
51111.00, 0.00
51211.00, 0.00
51311.00, 0.00
51411.00, 0.00
51511.00, 0.00
51611.00, 0.00
51711.00, 0.00
51811.00, 0.00
51911.00, 0.00
52011.00, 0.00
52111.00, 0.00
52211.00, 0.00
52311.00, 0.00
52411.00, 0.00
52511.00, 0.00
52611.00, 0.00
52711.00, 0.00
52811.00, 0.00
52911.00, 0.00
53011.00, 0.00
53111.00, 0.00
53211.00, 0.00
53311.00, 0.00
53411.00, 0.00
53511.00, 0.00
53611.00, 0.00
53711.00, 0.00
53811.00, 0.00
53911.00, 0.00
54011.00, 0.00
54111.00, 0.00
54211.00, 0.00
54311.00, 0.00
54411.00, 0.00
54511.00, 0.00
54611.00, 0.00
54711.00, 0.00
54811.00, 0.00
54911.00, 0.00
55011.00, 0.00
55111.00, 0.00
55211.00, 0.00
55311.00, 0.00
55411.00, 0.00
55511.00, 0.00
55611.00, 0.00
55711.00, 0.00
55811.00, 0.00
55911.00, 0.00
56011.00, 0.00
56111.00, 0.00
56211.00, 0.00
56311.00, 0.00
56411.00, 0.00
56511.00, 0.00
56611.00, 0.00
56711.00, 0.00
56811.00, 0.00
56911.00, 0.00
57011.00, 0.00
57111.00, 0.00
57211.00, 0.00
57311.00, 0.00
57411.00, 0.00
57511.00, 0.00
57611.00, 0.00
57711.00, 0.00
57811.00, 0.00
57911.00, 0.00
58011.00, 0.00
58111.00, 0.00
58211.00, 0.00
58311.00, 0.00
58411.00, 0.00
58511.00, 0.00
58611.00, 0.00
58711.00, 0.00
58811.00, 0.00
58911.00, 0.00
59011.00, 0.00
59111.00, 0.00
59211.00, 0.00
59311.00, 0.00
59411.00, 0.00
59511.00, 0.00
59611.00, 0.00
59711.00, 0.00
59811.00, 0.00
59911.00, 0.00
60011.00, 0.00
60111.00, 0.00
60211.00, 0.00
60311.00, 0.00
60411.00, 0.00
60511.00, 0.00
60611.00, 0.00
60711.00, 0.00
60811.00, 0.00
60911.00, 0.00
61011.00, 0.00
61111.00, 0.00
61211.00, 0.00
61311.00, 0.00
61411.00, 0.00
61511.00, 0.00
61611.00, 0.00
61711.00, 0.00
61811.00, 0.00
61911.00, 0.00
62011.00, 0.00
62111.00, 0.00
62211.00, 0.00
62311.00, 0.00
62411.00, 0.00
62511.00, 0.00
62611.00, 0.00
62711.00, 0.00
62811.00, 0.00
62911.00, 0.00
63011.00, 0.00
63111.00, 0.00
63211.00, 0.00
63311.00, 0.00
63411.00, 0.00
63511.00, 0.00
63611.00, 0.00
63711.00, 0.00
63811.00, 0.00
63911.00, 0.00
64011.00, 0.00
64111.00, 0.00
64211.00, 0.00
64311.00, 0.00
64411.00, 0.00
64511.00, 0.00
64611.00, 0.00
64711.00, 0.00
64811.00, 0.00
64911.00, 0.00
65011.00, 0.00
65111.00, 0.00
65211.00, 0.00
65311.00, 0.00
65411.00, 0.00
65511.00, 0.00
65611.00, 0.00
65711.00, 0.00
65811.00, 0.00
65911.00, 0.00
66011.00, 0.00
66111.00, 0.00
66211.00, 0.00
66311.00, 0.00
66411.00, 0.00
66511.00, 0.00
66611.00, 0.00
66711.00, 0.00
66811.00, 0.00
66911.00, 0.00
67011.00, 0.00
67111.00, 0.00
67211.00, 0.00
67311.00, 0.00
67411.00, 0.00
67511.00, 0.00
67611.00, 0.00
67711.00, 0.00
67811.00, 0.00
67911.00, 0.00
68011.00, 0.00
68111.00, 0.00
68211.00, 0.00
68311.00, 0.00
68411.00, 0.00
68511.00, 0.00
68611.00, 0.00
68711.00, 0.00
68811.00, 0.00
68911.00, 0.00
69011.00, 0.00
69111.00, 0.00
69211.00, 0.00
69311.00, 0.00
69411.00, 0.00
69511.00, 0.00
69611.00, 0.00
69711.00, 0.00
69811.00, 0.00
69911.00, 0.00
70011.00, 0.00
70111.00, 0.00
70211.00, 0.00
70311.00, 0.00
70411.00, 0.00
70511.00, 0.00
70611.00, 0.00
70711.00, 0.00
70811.00, 0.00
70911.00, 0.00
71011.00, 0.00
71111.00, 0.00
71211.00, 0.00
71311.00, 0.00
71411.00, 0.00
71511.00, 0.00
71611.00, 0.00
71711.00, 0.00
71811.00, 0.00
71911.00, 0.00
72011.00, 0.00
72111.00, 0.00
72211.00, 0.00
72311.00, 0.00
72411.00, 0.00
72511.00, 0.00
72611.00, 0.00
72711.00, 0.00
72811.00, 0.00
72911.00, 0.00
73011.00, 0.00
73111.00, 0.00
73211.00, 0.00
73311.00, 0.00
73411.00, 0.00
73511.00, 0.00
73611.00, 0.00
73711.00, 0.00
73811.00, 0.00
73911.00, 0.00
74011.00, 0.00
74111.00, 0.00
74211.00, 0.00
74311.00, 0.00
74411.00, 0.00
74511.00, 0.00
74611.00, 0.00
74711.00, 0.00
74811.00, 0.00
74911.00, 0.00
75011.00, 0.00
75111.00, 0.00
75211.00, 0.00
75311.00, 0.00
75411.00, 0.00
75511.00, 0.00
75611.00, 0.00
75711.00, 0.00
75811.00, 0.00
75911.00, 0.00
76011.00, 0.00
76111.00, 0.00
76211.00, 0.00
76311.00, 0.00
76411.00, 0.00
76511.00, 0.00
76611.00, 0.00
76711.00, 0.00
76811.00, 0.00
76911.00, 0.00
77011.00, 0.00
77111.00, 0.00
77211.00, 0.00
77311.00, 0.00
77411.00, 0.00
77511.00, 0.00
77611.00, 0.00
77711.00, 0.00
77811.00, 0.00
77911.00, 0.00
78011.00, 0.00
78111.00, 0.00
78211.00, 0.00
78311.00, 0.00
78411.00, 0.00
78511.00, 0.00
78611.00, 0.00
78711.00, 0.00
78811.00, 0.00
78911.00, 0.00
79011.00, 0.00
79111.00, 0.00
79211.00, 0.00
79311.00, 0.00
79411.00, 0.00
79511.00, 0.00
79611.00, 0.00
79711.00, 0.00
79811.00, 0.00
79911.00, 0.00
80011.00, 0.00
80111.00, 0.00
80211.00, 0.00
80311.00, 0.00
80411.00, 0.00
80511.00, 0.00
80611.00, 0.00
80711.00, 0.00
80811.00, 0.00
80911.00, 0.00
81011.00, 0.00
81111.00, 0.00
81211.00, 0.00
81311.00, 0.00
81411.00, 0.00
81511.00, 0.00
81611.00, 0.00
81711.00, 0.00
81811.00, 0.00
81911.00, 0.00
82011.00, 0.00
82111.00, 0.00
82211.00, 0.00
82311.00, 0.00
82411.00, 0.00
82511.00, 0.00
82611.00, 0.00
82711.00, 0.00
82811.00, 0.00
82911.00, 0.00
83011.00, 0.00
83111.00, 0.00
83211.00, 0.00
83311.00, 0.00
83411.00, 0.00
83511.00, 0.00
83611.00, 0.00
83711.00, 0.00
83811.00, 0.00
83911.00, 0.00
84011.00, 0.00
84111.00, 0.00
84211.00, 0.00
84311.00, 0.00
84411.00, 0.00
84511.00, 0.00
84611.00, 0.00
84711.00, 0.00
84811.00, 0.00
84911.00, 0.00
85011.00, 0.00
85111.00, 0.00
85211.00, 0.00
85311.00, 0.00
85411.00, 0.00
85511.00, 0.00
85611.00, 0.00
85711.00, 0.00
85811.00, 0.00
85911.00, 0.00
86011.00, 0.00
86111.00, 0.00
86211.00, 0.00
86311.00, 0.00
86411.00, 0.00
86511.00, 0.00
86611.00, 0.00
86711.00, 0.00
86811.00, 0.00
86911.00, 0.00
87011.00, 0.00
87111.00, 0.00
87211.00, 0.00
87311.00, 0.00
87411.00, 0.00
87511.00, 0.00
87611.00, 0.00
87711.00, 0.00
87811.00, 0.00
87911.00, 0.00
88011.00, 0.00
88111.00, 0.00
88211.00, 0.00
88311.00, 0.00
88411.00, 0.00
88511.00, 0.00
88611.00, 0.00
88711.00, 0.00
88811.00, 0.00
88911.00, 0.00
89011.00, 0.00
89111.00, 0.00
89211.00, 0.00
89311.00, 0.00
89411.00, 0.00
89511.00, 0.00
89611.00, 0.00
89711.00, 0.00
89811.00, 0.00
89911.00, 0.00
90011.00, 0.00
90111.00, 0.00
90211.00, 0.00
90311.00, 0.00
90411.00, 0.00
90511.00, 0.00
90611.00, 0.00
90711.00, 0.00
90811.00, 0.00
90911.00, 0.00
91011.00, 0.00
91111.00, 0.00
91211.00, 0.00
91311.00, 0.00
91411.00, 0.00
91511.00, 0.00
91611.00, 0.00
91711.00, 0.00
91811.00, 0.00
91911.00, 0.00
92011.00, 0.00
92111.00, 0.00
92211.00, 0.00
92311.00, 0.00
92411.00, 0.00
92511.00, 0.00
92611.00, 0.00
92711.00, 0.00
92811.00, 0.00
92911.00, 0.00
93011.00, 0.00
93111.00, 0.00
93211.00, 0.00
93311.00, 0.00
93411.00, 0.00
93511.00, 0.00
93611.00, 0.00
93711.00, 0.00
93811.00, 0.00
93911.00, 0.00
94011.00, 0.00
94111.00, 0.00
94211.00, 0.00
94311.00, 0.00
94411.00, 0.00
94511.00, 0.00
94611.00, 0.00
94711.00, 0.00
94811.00, 0.00
94911.00, 0.00
95011.00, 0.00
95111.00, 0.00
95211.00, 0.00
95311.00, 0.00
95411.00, 0.00
95511.00, 0.00
95611.00, 0.00
95711.00, 0.00
95811.00, 0.00
95911.00, 0.00
96011.00, 0.00
96111.00, 0.00
96211.00, 0.00
96311.00, 0.00
96411.00, 0.00
96511.00, 0.00
96611.00, 0.00
96711.00, 0.00
96811.00, 0.00
96911.00, 0.00
97011.00, 0.00
97111.00, 0.00
97211.00, 0.00
97311.00, 0.00
97411.00, 0.00
97511.00, 0.00
97611.00, 0.00
97711.00, 0.00
97811.00, 0.00
97911.00, 0.00
98011.00, 0.00
98111.00, 0.00
98211.00, 0.00
98311.00, 0.00
98411.00, 0.00
98511.00, 0.00
98611.00, 0.00
98711.00, 0.00
98811.00, 0.00
98911.00, 0.00
99011.00, 0.00
99111.00, 0.00
99211.00, 0.00
99311.00, 0.00
99411.00, 0.00
99511.00, 0.00
99611.00, 0.00
99711.00, 0.00
99811.00, 0.00
99911.00, 0.00
100011.00, 0.00
100111.00, 0.00
100211.00, 0.00
100311.00, 0.00
100411.00, 0.00
100511.00, 0.00
100611.00, 0.00
100711.00, 0.00
100811.00, 0.00
100911.00, 0.00
101011.00, 0.00
101111.00, 0.00
101211.00, 0.00
101311.00, 0.00
101411.00, 0.00
101511.00, 0.00
101611.00, 0.00
101811.00, 0.00
101911.00, 0.00
102011.00, 0.00
102111.00, 0.00
102211.00, 0.00
102311.00, 0.00
102411.00, 0.00
102511.00, 0.00
102611.00, 0.00
102711.00, 0.00
102811.00, 0.00
102911.00, 0.00
103011.00, 0.00
103111.00, 0.00
103211.00, 0.00
103311.00, 0.00
103411.00, 0.00
103511.00, 0.00
103611.00, 0.00
103711.00, 0.00
103811.00, 0.00
103911.00, 0.00
104011.00, 0.00
104111.00, 0.00
104211.00, 0.00
104311.00, 0.00
104411.00, 0.00
104511.00, 0.00
104611.00, 0.00
104711.00, 0.00
104811.00, 0.00
104911.00, 0.00
105011.00, 0.00
105111.00, 0.00
105211.00, 0.00
105311.00, 0.00
105411.00, 0.00
105511.00, 0.00
105611.00, 0.00
105711.00, 0.00
105911.00, 0.00
106011.00, 0.00
106111.00, 0.00
106211.00, 0.00
106411.00, 0.00
106511.00, 0.00
106611.00, 0.00
106711.00, 0.00
106811.00, 0.00
106911.00, 0.00
107011.00, 0.00
107111.00, 0.00
107211.00, 0.00
107311.00, 0.00
107411.00, 0.00
107511.00, 0.00
107611.00, 0.00
107711.00, 0.00
107811.00, 0.00
107911.00, 0.00
108011.00, 0.00
108111.00, 0.00
108211.00, 0.00
108311.00, 0.00
108411.00, 0.00
108511.00, 0.00
108611.00, 0.00
108711.00, 0.00
108811.00, 0.00
108911.00, 0.00
109011.00, 0.00
109111.00, 0.00
109211.00, 0.00
109311.00, 0.00
109411.00, 0.00
109511.00, 0.00
109611.00, 0.00
109711.00, 0.00
109811.00, 0.00
109911.00, 0.00
110011.00, 0.00
110111.00, 0.00
110211.00, 0.00
110311.00, 0.00
110411.00, 0.00
110511.00, 0.00
110611.00, 0.00
110711.00, 0.00
110811.00, 0.00
110911.00, 0.00
111011.00, 0.00
111111.00, 0.00
111211.00, 0.00
111311.00, 0.00
111411.00, 0.00
111511.00, 0.00
111611.00, 0.00
111711.00, 0.00
111811.00, 0.00
111911.00, 0.00
112011.00, 0.00
112111.00, 0.00
112211.00, 0.00
112311.00, 0.00
112411.00, 0.00
112511.00, 0.00
112611.00, 0.00
112711.00, 0.00
112811.00, 0.00
112911.00, 0.00
113011.00, 0.00
113111.00, 0.00
113211.00, 0.00
113311.00, 0.00
113411.00, 0.00
113511.00, 0.00
113611.00, 0.00
113711.00, 0.00
113811.00, 0.00
113911.00, 0.00
114011.00, 0.00
114111.00, 0.00
114211.00, 0.00
114311.00, 0.00
114411.00, 0.00
114511.00, 0.00
114611.00, 0.00
114711.00, 0.00
114811.00, 0.00
114911.00, 0.00
115011.00, 0.00
115111.00, 0.00
115211.00, 0.00
115311.00, 0.00
115411.00, 0.00
115511.00, 0.00
115611.00, 0.00
115711.00, 0.00
115811.00, 0.00
115911.00, 0.00
116011.00, 0.00
116111.00, 0.00
116211.00, 0.00
116311.00, 0.00
116411.00, 0.00
116511.00, 0.00
116611.00, 0.00
116711.00, 0.00
116811.00, 0.00
116911.00, 0.00
117011.00, 0.00
117111.00, 0.00
117211.00, 0.00
117311.00, 0.00
117411.00, 0.00
117511.00, 0.00
117611.00, 0.00
117711.00, 0.00
117811.00, 0.00
117911.00, 0.00
118011.00, 0.00
118111.00, 0.00
118211.00, 0.00
118311.00, 0.00
118411.00, 0.00
118511.00, 0.00
118611.00, 0.00
118711.00, 0.00
118811.00, 0.00
118911.00, 0.00
119011.00, 0.00
119111.00, 0.00
119211.00, 0.00
119311.00, 0.00
119411.00, 0.00
119511.00, 0.00
119611.00, 0.00
119711.00, 0.00
119811.00, 0.00
119911.00, 0.00
120011.00, 0.00
120111.00, 0.00
120211.00, 0.00
120311.00, 0.00
120411.00, 0.00
120511.00, 0.00
120611.00, 0.00
120711.00, 0.00
120811.00, 0.00
120911.00, 0.00
121011.00, 0.00
121111.00, 0.00
121211.00, 0.00
121311.00, 0.00
121411.00, 0.00
121511.00, 0.00
121611.00, 0.00
121711.00, 0.00
121811.00, 0.00
121911.00, 0.00
122011.00, 0.00
122111.00, 0.00
122211.00, 0.00
122311.00, 0.00
122411.00, 0.00
122511.00, 0.00
122611.00, 0.00
122711.00, 0.00
122811.00, 0.00
122911.00, 0.00
123011.00, 0.00
123111.00, 0.00
123211.00, 0.00
123311.00, 0.00
123411.00, 0.00
123511.00, 0.00
123611.00, 0.00
123711.00, 0.00
123811.00, 0.00
123911.00, 0.00
124011.00, 0.00
124111.00, 0.00
124211.00, 0.00
124311.00, 0.00
124411.00, 0.00
124511.00, 0.00
124611.00, 0.00
124711.00, 0.00
124811.00, 0.00
124911.00, 0.00
125011.00, 0.00
125111.00, 0.00
125211.00, 0.00
125311.00, 0.00
125411.00, 0.00
125511.00, 0.00
125611.00, 0.00
125711.00, 0.00
125811.00, 0.00
125911.00, 0.00
126011.00, 0.00
126111.00, 0.00
126211.00, 0.00
126311.00, 0.00
126411.00, 0.00
126511.00, 0.00
126611.00, 0.00
126711.00, 0.00
126811.00, 0.00
126911.00, 0.00
127011.00, 0.00
127111.00, 0.00
127211.00, 0.00
127311.00, 0.00
127411.00, 0.00
127511.00, 0.00
127611.00, 0.00
127711.00, 0.00
127811.00, 0.00
127911.00, 0.00
128011.00, 0.00
128111.00, 0.00
128211.00, 0.00
128311.00, 0.00
128411.00, 0.00
128511.00, 0.00
128611.00, 0.00
128711.00, 0.00
128811.00, 0.00
128911.00, 0.00
129011.00, 0.00
129111.00, 0.00
129211.00, 0.00
129311.00, 0.00
129411.00, 0.00
129511.00, 0.00
129611.00, 0.00
129711.00, 0.00
129811.00, 0.00
129911.00, 0.00
130011.00, 0.00
130111.00, 0.00
130211.00, 0.00
130311.00, 0.00
130411.00, 0.00
130511.00, 0.00
130611.00, 0.00
130711.00, 0.00
130811.00, 0.00
130911.00, 0.00
131011.00, 0.00
131111.00, 0.00
131211.00, 0.00
131311.00, 0.00
131411.00, 0.00
131511.00, 0.00
131611.00, 0.00
131711.00, 0.00
131811.00, 0.00
131911.00, 0.00
132011.00, 0.00
132111.00, 0.00
132211.00, 0.00
132311.00, 0.00
132411.00, 0.00
132511.00, 0.00
132611.00, 0.00
132711.00, 0.00
132811.00, 0.00
132911.00, 0.00
133011.00, 0.00
133111.00, 0.00
133211.00, 0.00
133311.00, 0.00
133411.00, 0.00
133511.00, 0.00
133611.00, 0.01
133711.00, 0.00
133811.00, 0.00
133911.00, 0.00
134011.00, 0.00
134111.00, 0.00
134211.00, 0.00
134311.00, 0.00
134411.00, 0.00
134511.00, 0.00
134611.00, 0.00
134711.00, 0.00
134811.00, 0.00
134911.00, 0.00
135011.00, 0.00
135111.00, 0.00
135211.00, 0.00
135311.00, 0.00
135411.00, 0.00
135511.00, 0.00
135611.00, 0.00
135711.00, 0.00
135811.00, 0.00
135911.00, 0.00
136011.00, 0.00
136111.00, 0.00
136211.00, 0.00
136311.00, 0.00
136411.00, 0.00
136511.00, 0.00
136611.00, 0.00
136711.00, 0.00
136811.00, 0.00
136911.00, 0.00
137011.00, 0.00
137111.00, 0.00
137211.00, 0.00
137311.00, 0.00
137411.00, 0.00
137511.00, 0.00
137611.00, 0.00
137711.00, 0.00
137811.00, 0.00
137911.00, 0.00
138011.00, 0.00
138111.00, 0.00
138211.00, 0.00
138311.00, 0.00
138411.00, 0.00
138511.00, 0.00
138611.00, 0.00
138711.00, 0.00
138811.00, 0.00
138911.00, 0.00
139011.00, 0.00
139111.00, 0.00
139211.00, 0.00
139311.00, 0.00
139411.00, 0.00
139511.00, 0.00
139611.00, 0.00
139711.00, 0.00
139811.00, 0.00
139911.00, 0.00
140011.00, 0.00
140111.00, 0.00
140211.00, 0.00
140311.00, 0.00
140411.00, 0.00
140511.00, 0.00
140611.00, 0.00
140811.00, 0.00
140911.00, 0.00
141011.00, 0.00
141111.00, 0.00
141311.00, 0.00
141411.00, 0.00
141511.00, 0.00
141611.00, 0.00
141711.00, 0.00
141811.00, 0.00
141911.00, 0.00
142011.00, 0.00
142111.00, 0.00
142211.00, 0.00
142311.00, 0.00
142411.00, 0.00
142511.00, 0.00
142611.00, 0.00
142711.00, 0.00
142811.00, 0.00
142911.00, 0.00
143011.00, 0.00
143111.00, 0.00
143211.00, 0.00
143311.00, 0.00
143611.00, 0.00
143711.00, 0.00
143811.00, 0.00
143911.00, 0.00
144011.00, 0.00
144111.00, 0.00
144211.00, 0.00
144411.00, 0.00
144611.00, 0.00
144711.00, 0.00
144811.00, 0.00
144911.00, 0.00
145011.00, 0.00
145111.00, 0.00
145211.00, 0.00
145311.00, 0.00
145411.00, 0.00
145511.00, 0.00
145611.00, 0.00
145711.00, 0.00
145811.00, 0.00
145911.00, 0.00
146011.00, 0.00
146111.00, 0.00
146211.00, 0.00
146311.00, 0.00
146411.00, 0.00
146511.00, 0.00
146611.00, 0.00
146711.00, 0.00
146811.00, 0.00
146911.00, 0.00
147011.00, 0.00
147111.00, 0.00
147211.00, 0.00
147311.00, 0.00
147411.00, 0.00
147511.00, 0.00
147611.00, 0.00
147711.00, 0.00
147811.00, 0.00
147911.00, 0.00
148011.00, 0.00
148111.00, 0.00
148211.00, 0.00
148411.00, 0.00
148511.00, 0.00
148611.00, 0.00
148711.00, 0.00
148811.00, 0.00
148911.00, 0.00
149011.00, 0.00
149111.00, 0.00
149211.00, 0.00
149311.00, 0.00
149411.00, 0.00
149611.00, 0.00
149711.00, 0.00
149811.00, 0.00
149911.00, 0.00
150011.00, 0.00
150111.00, 0.00
150311.00, 0.00
150411.00, 0.00
150611.00, 0.00
150711.00, 0.00
150811.00, 0.00
150911.00, 0.00
151011.00, 0.00
151111.00, 0.00
151211.00, 0.00
151311.00, 0.00
151411.00, 0.00
151511.00, 0.00
151611.00, 0.00
151711.00, 0.00
151811.00, 0.00
151911.00, 0.00
152011.00, 0.00
152111.00, 0.00
152211.00, 0.00
152411.00, 0.00
152611.00, 0.00
152711.00, 0.00
152811.00, 0.00
152911.00, 0.00
153011.00, 0.00
153111.00, 0.00
153211.00, 0.00
153311.00, 0.00
153411.00, 0.00
153511.00, 0.00
153611.00, 0.03
153811.00, 0.00

